212.506504182 54.881788876 1.0
218.290846371 53.232769128 1.0
217.15971444 56.860977976 1.0
212.147943295 55.540195773 1.0
216.852215705 55.750356285 1.0
217.452049314 53.965091997 1.0
218.868647966 55.131183397 1.0
213.970378927 50.323853049 1.0
212.955984771 52.816790116 1.0
213.834861786 52.345936615 1.0
220.702183932 55.032131985 1.0
218.605668361 54.814058759 1.0
217.389326022 54.726527849 1.0
214.667453985 56.469677 1.0
215.286609354 56.777000478 1.0
213.875961362 51.498588463 1.0
209.508769732 53.017145301 1.0
212.043617216 52.680100391 1.0
215.838935359 56.681320224 1.0
208.602816675 52.206345311 1.0
209.485458419 51.354435455 1.0
212.482010159 52.553175094 1.0
214.868084605 52.135448891 1.0
218.002705998 55.93332151 1.0
214.770328135 53.047460983 1.0
216.599050289 55.301448214 1.0
219.652165243 54.924056948 1.0
218.449058999 56.608185853 1.0
212.27864241 53.463609734 1.0
213.363855015 54.72947987 1.0
218.46659694 50.317057266 1.0
209.504317093 56.457750436 1.0
217.095658367 56.231627942 1.0
220.328692379 55.397753935 1.0
214.688319732 55.874317036 1.0
219.396655336 51.58321104 1.0
211.231757663 54.403019982 1.0
210.665870179 55.150902377 1.0
212.057341054 53.883543543 1.0
215.542080435 50.351923315 1.0
219.6744512 56.001257051 1.0
212.099790874 53.114335236 1.0
213.487686216 52.764532075 1.0
209.726178166 55.561859711 1.0
211.468300959 53.12903859 1.0
210.190387208 51.728758836 1.0
211.255723883 52.772417445 1.0
211.785606275 56.540247682 1.0
212.300407547 56.399008343 1.0
217.086712985 54.978467307 1.0
220.393068908 51.026546786 1.0
217.629941579 52.707252215 1.0
209.117937231 55.166444647 1.0
210.943753569 55.532328024 1.0
218.094615363 56.852394423 1.0
208.775381154 53.21663242 1.0
212.919126773 52.635513374 1.0
210.605806259 51.208702355 1.0
217.926498783 50.091894453 1.0
218.897264042 50.190002103 1.0
213.957623758 52.054228158 1.0
216.190852307 51.504926272 1.0
218.665316664 50.792122053 1.0
217.135365744 54.766891023 1.0
217.685183146 55.22743298 1.0
220.202917756 54.923273142 1.0
218.292541644 56.446856516 1.0
210.381618266 56.431828962 1.0
212.169497155 56.905156228 1.0
211.843906759 54.002499989 1.0
218.280205924 52.001944887 1.0
208.34463953 55.136027349 1.0
213.097462547 53.988529667 1.0
218.016789556 53.235299323 1.0
209.931854447 55.752546179 1.0
212.949331673 54.963104429 1.0
213.592358327 54.952909824 1.0
220.853101307 52.61461894 1.0
215.154820148 54.817141228 1.0
213.663124992 55.068084252 1.0
209.978739065 51.062548798 1.0
208.507977652 51.905026661 1.0
211.260990066 51.730594849 1.0
210.415640163 52.867967389 1.0
217.602910943 50.3376901 1.0
213.766356024 52.056564623 1.0
218.500770676 50.683597016 1.0
210.602222711 51.687014049 1.0
210.411601106 51.997981511 1.0
217.052353496 50.694572048 1.0
209.14932903 53.217442475 1.0
220.545981384 50.49684963 1.0
209.696534097 56.284589021 1.0
214.520847806 55.678260281 1.0
215.538676968 55.783381236 1.0
216.173274747 55.705648646 1.0
214.598744769 56.617943594 1.0
217.020501225 56.711019401 1.0
218.061198051 55.042791355 1.0
218.134352184 55.719112009 1.0
219.232434463 55.133651247 1.0
220.094254947 55.396074571 1.0
220.586582068 55.324221724 1.0
211.1958547 56.286143005 1.0
211.591294161 56.183523422 1.0
214.176127377 55.515184975 1.0
217.332517726 55.111254111 1.0
215.030375953 56.237421477 1.0
215.732795699 56.109680073 1.0
217.264172832 55.517560256 1.0
218.285683355 56.291953876 1.0
219.777550113 51.217689459 1.0
220.579979491 50.732832714 1.0
212.563418414 53.658140171 1.0
212.701679229 53.699113423 1.0
213.340841584 53.806419055 1.0
214.572795629 53.789059806 1.0
216.428169026 53.248414305 1.0
210.179627424 55.32241562 1.0
211.076877925 54.945473063 1.0
218.303969642 52.963210658 1.0
219.646878374 52.706513066 1.0
211.766291613 55.260810891 1.0
212.034859982 55.720504328 1.0
212.450885948 55.533307293 1.0
219.025210889 53.798582622 1.0
220.04671564 53.342985301 1.0
209.882132166 53.752758174 1.0
208.383897912 54.512542804 1.0
216.594738324 53.306584543 1.0
212.111555626 54.908886227 1.0
210.410531858 55.726492137 1.0
219.257104022 53.399704101 1.0
208.643865728 50.6108409 1.0
208.094482642 50.895064792 1.0
213.077073341 50.122499196 1.0
220.183330525 56.895325818 1.0
220.927216873 56.737348173 1.0
219.55074935 56.497982771 1.0
219.877666839 56.603915528 1.0
220.881003703 56.234681143 1.0
220.996608535 55.966606928 1.0
219.505717138 56.912541613 1.0
219.575170955 56.813189454 1.0
220.941846939 56.962258326 1.0
208.499881658 51.435752044 1.0
208.16211656 51.967995846 1.0
210.897570032 51.348566287 1.0
211.276343421 51.256761967 1.0
209.274512634 52.59236771 1.0
209.343899855 52.537574372 1.0
209.755389573 52.512722746 1.0
209.940928741 52.376945163 1.0
211.702463892 52.057598728 1.0
212.053149587 52.332423946 1.0
212.379459435 52.41899528 1.0
208.19689301 53.780711135 1.0
209.378900595 53.492912273 1.0
213.004904755 50.855646373 1.0
213.667988147 50.606389544 1.0
216.183580981 50.838304917 1.0
217.94318511 50.228009609 1.0
214.722874362 51.624957748 1.0
215.132412822 51.482142403 1.0
215.91109548 51.273728684 1.0
217.84508659 50.791000601 1.0
216.002469256 51.777221026 1.0
218.61449665 50.999311541 1.0
218.599114653 51.004207526 1.0
218.840324771 50.856405673 1.0
209.808755947 51.244083909 1.0
210.386736749 51.230678596 1.0
213.994836133 50.332934953 1.0
208.263745229 51.983425028 1.0
210.433813408 51.60613977 1.0
213.91646051 50.714234902 1.0
208.698587248 52.57223769 1.0
209.709749554 52.167449558 1.0
209.862346785 52.1802421 1.0
214.037775283 51.09811465 1.0
215.787301153 50.71561169 1.0
217.840948859 50.099530656 1.0
209.11955542 52.750010218 1.0
210.12785674 52.600374059 1.0
218.708723271 50.219861536 1.0
208.605106537 53.46003923 1.0
212.340109709 52.510749346 1.0
214.001534688 52.105006838 1.0
214.977119194 51.894603561 1.0
215.809413073 51.589651514 1.0
217.967595955 50.874769766 1.0
218.098477668 50.955569708 1.0
219.04282814 50.518914915 1.0
219.242447278 50.608473046 1.0
212.667523464 52.866310043 1.0
215.975978775 51.961822208 1.0
208.357508214 56.650925578 1.0
208.791737863 56.905818717 1.0
209.548113589 56.82857103 1.0
214.002600441 55.787084146 1.0
216.28584677 55.138250896 1.0
212.775089867 56.427796651 1.0
216.666968208 55.488081924 1.0
213.487504423 56.877558678 1.0
214.776730818 56.4837232 1.0
215.049829326 56.92776438 1.0
215.162092344 56.762081201 1.0
216.702295792 56.467162929 1.0
216.963617023 56.899292126 1.0
217.258600655 56.805548042 1.0
217.322900898 56.730037445 1.0
217.510277064 56.791639821 1.0
217.318513281 54.900404329 1.0
218.519675175 54.339363167 1.0
220.667824688 54.261240116 1.0
217.762616932 55.535615027 1.0
218.309287142 55.527153111 1.0
218.108258069 55.560136929 1.0
220.999885828 54.654103738 1.0
219.928247757 55.925346616 1.0
208.318180237 56.782299355 1.0
210.925876777 56.370238938 1.0
211.112186068 56.174467703 1.0
211.558315173 56.136386953 1.0
213.921648162 55.568709398 1.0
217.889632605 54.302371893 1.0
219.792869966 53.693721081 1.0
220.711885145 53.428338727 1.0
209.905657821 56.93273162 1.0
210.128245385 56.887657221 1.0
210.356109493 56.92211506 1.0
214.043041296 56.065746506 1.0
214.081613442 55.962563248 1.0
215.112379746 55.802358213 1.0
215.016409871 55.80990098 1.0
215.316090448 55.757759097 1.0
216.540303532 55.344277713 1.0
218.128026313 54.764682729 1.0
219.448489019 54.433829913 1.0
219.40211269 54.405384111 1.0
219.979013688 54.188813358 1.0
211.635061399 56.944621258 1.0
213.769007511 56.435200129 1.0
214.888891888 56.290195031 1.0
216.905576357 55.628682697 1.0
218.213236133 55.325644325 1.0
219.151122426 54.891863841 1.0
220.755601938 54.53516845 1.0
213.717496915 56.93166548 1.0
213.734345461 56.902368016 1.0
214.689028672 56.833092672 1.0
215.354891912 56.480301159 1.0
217.466523717 55.92684641 1.0
218.969706825 55.546024067 1.0
220.710306166 54.88578667 1.0
220.775340558 54.834778532 1.0
215.828835189 56.861183247 1.0
217.55016741 56.417115899 1.0
218.083643655 56.326279688 1.0
218.763838239 56.061759929 1.0
219.19851661 55.93635825 1.0
219.132664031 55.891096327 1.0
220.261491924 55.590550439 1.0
217.041023584 56.952296374 1.0
218.307200525 56.735628131 1.0
219.180131294 56.472191397 1.0
219.337149948 56.386587136 1.0
219.260190102 56.343506575 1.0
219.480614732 56.330679127 1.0
219.845895823 56.123014676 1.0
208.460359395 54.129279331 1.0
208.65934676 54.122636339 1.0
209.671516144 54.085376879 1.0
210.463667724 53.838696182 1.0
212.563067156 53.335334691 1.0
214.291336128 52.7829691 1.0
214.448507454 52.695408031 1.0
218.357605859 51.545857409 1.0
218.759439585 51.467248585 1.0
218.775397529 51.495900486 1.0
220.009100056 50.940029748 1.0
220.98580843 50.714716984 1.0
208.888585953 54.659636477 1.0
210.330408388 54.31598592 1.0
212.230857947 53.824147923 1.0
212.515029948 53.763444261 1.0
212.910504062 53.62031753 1.0
214.933599907 53.178635432 1.0
218.589826653 51.880742614 1.0
218.930660876 51.769713603 1.0
219.064317754 51.823971519 1.0
219.879442769 51.497757946 1.0
220.775311007 51.234113714 1.0
208.698298618 54.986393855 1.0
209.303832141 54.944870132 1.0
210.07849152 54.771292896 1.0
216.099070532 53.148018986 1.0
217.860350348 52.673771843 1.0
218.252856811 52.580530897 1.0
219.011760757 52.343930161 1.0
219.358442201 52.239094478 1.0
220.009364961 52.101702535 1.0
220.069164098 52.075615427 1.0
220.207717571 51.845701509 1.0
209.429067774 55.479381131 1.0
209.529209054 55.283158778 1.0
210.126052054 55.252391748 1.0
213.93478848 54.203004805 1.0
216.076978158 53.777329862 1.0
216.675934725 53.56483611 1.0
216.798649855 53.624050907 1.0
219.659505156 52.581236258 1.0
208.854172866 55.990515347 1.0
209.115581692 55.917375011 1.0
211.537762068 55.367586406 1.0
212.272481805 55.151687591 1.0
214.565438298 54.59642748 1.0
214.695715963 54.486422721 1.0
218.158328389 53.67255885 1.0
218.665543441 53.496413688 1.0
208.811230548 56.376872068 1.0
209.847364708 56.182374016 1.0
212.505213931 55.636840233 1.0
213.234828485 55.353865077 1.0
218.476885768 53.875425431 1.0
219.970346357 53.526620845 1.0
220.268251234 53.335848985 1.0
220.511595356 53.246768675 1.0
208.283920301 54.137412576 1.0
208.752185674 53.995162293 1.0
209.236449364 53.866403665 1.0
213.497775419 52.784425334 1.0
213.601843901 52.7969761 1.0
216.167207885 52.053206108 1.0
217.932604351 51.492734053 1.0
218.90988575 51.214053101 1.0
208.388996928 54.558867794 1.0
208.423968566 54.37782244 1.0
209.35487626 54.202357577 1.0
211.888749734 53.732857464 1.0
212.549519962 53.507601731 1.0
214.348936166 52.96413938 1.0
208.396704419 54.912995106 1.0
208.483427356 54.805157779 1.0
208.510724941 54.824816311 1.0
211.741043188 54.141613433 1.0
212.210830045 54.043723466 1.0
213.96476672 53.585612434 1.0
218.138893234 52.413957784 1.0
208.849216992 55.202735666 1.0
209.903750633 55.011783073 1.0
210.335826982 55.016436213 1.0
213.257167673 54.138791476 1.0
213.177431358 54.266575608 1.0
214.955343901 53.864205382 1.0
218.848691135 52.54414979 1.0
220.860284766 51.998239846 1.0
208.981356973 55.76075437 1.0
208.942174132 55.675279231 1.0
209.060276354 55.723121758 1.0
209.404366098 55.690309903 1.0
211.892641953 55.11153703 1.0
214.37608857 54.324636628 1.0
214.474984557 54.268287125 1.0
219.431275983 52.928351103 1.0
208.086186999 56.406537627 1.0
209.317085592 56.006523491 1.0
209.687318038 56.022155407 1.0
209.862714262 55.845349164 1.0
210.236373031 55.934212939 1.0
210.986146438 55.600579531 1.0
211.708845746 55.55096478 1.0
214.011589125 54.888052436 1.0
216.871792248 54.168820773 1.0
216.876148454 54.156661082 1.0
218.644409868 53.6845557 1.0
219.527152724 53.42642824 1.0
219.498463888 53.260410542 1.0
219.828636918 53.208767816 1.0
208.551833281 50.156710535 1.0
209.332967675 50.059191985 1.0
208.258172286 50.74580887 1.0
209.592738472 50.419967134 1.0
210.549791422 50.222401747 1.0
211.383189559 50.024155886 1.0
208.838370128 51.004575671 1.0
209.800886747 50.851328433 1.0
211.997198877 50.369270326 1.0
212.728237374 50.163860456 1.0
208.390255914 50.048677862 1.0
209.506995962 50.694044996 1.0
209.452330515 50.581183521 1.0
211.856389478 50.018823266 1.0
209.822204895 50.989550402 1.0
219.715690261 56.94084369 1.0
220.445601907 56.917976767 1.0
220.608640019 56.698339437 1.0
220.429511786 56.732676238 1.0
220.472032521 56.769821312 1.0
220.596953386 56.657449926 1.0
220.824969698 56.62867303 1.0
220.887003895 56.583219867 1.0
218.230841546 56.932973024 1.0
218.431517804 56.85056535 1.0
218.482389024 56.899592195 1.0
218.569571246 56.911135887 1.0
218.614798312 56.889501105 1.0
218.712120016 56.943094307 1.0
218.915806914 56.901133997 1.0
219.287959029 56.668736438 1.0
219.639810928 56.6144723 1.0
219.84785848 56.491930946 1.0
219.885107082 56.407880185 1.0
220.054307296 56.488390777 1.0
220.454434676 56.389814891 1.0
220.425043821 56.229329171 1.0
220.642515468 56.321889345 1.0
220.707001447 56.183554944 1.0
220.678366703 56.300743724 1.0
220.93527492 56.06566536 1.0
218.441498127 56.784038418 1.0
218.708272309 56.716314754 1.0
218.784233715 56.658304555 1.0
218.982446803 56.669259522 1.0
219.085037644 56.594742802 1.0
219.878282168 56.333575943 1.0
220.232513574 56.228291336 1.0
220.947388046 55.998499514 1.0
219.103074923 56.922601631 1.0
219.284781074 56.980928633 1.0
219.293544785 56.89832794 1.0
219.531092785 56.938204036 1.0
219.471549075 56.849260483 1.0
219.576438656 56.776814984 1.0
219.72158124 56.881167908 1.0
219.762582705 56.907485623 1.0
219.757285177 56.748270159 1.0
219.796536737 56.745408894 1.0
219.904534346 56.840354451 1.0
220.080151808 56.79862544 1.0
220.010544093 56.799457299 1.0
219.93435303 56.668097348 1.0
220.061023772 56.767297592 1.0
220.014870894 56.610527616 1.0
220.130214235 56.682852014 1.0
220.072171492 56.584449575 1.0
220.380490755 56.683568639 1.0
220.377046232 56.540368606 1.0
220.442724224 56.58856566 1.0
220.623384287 56.601026327 1.0
220.57762787 56.558885229 1.0
220.803783595 56.444313566 1.0
220.958087075 56.455815867 1.0
220.698681656 56.942279591 1.0
220.791137046 56.876068182 1.0
220.947521636 56.915498229 1.0
220.968194387 56.77164382 1.0
208.239513392 51.56590944 1.0
208.445302716 51.434934441 1.0
209.276871305 51.28342595 1.0
209.515377099 51.250655646 1.0
209.541393863 51.221257586 1.0
209.775543032 51.217233924 1.0
210.270558192 51.069691758 1.0
210.396592704 51.008595764 1.0
211.083947833 50.917877348 1.0
211.31625959 50.786585143 1.0
208.066179043 51.912973647 1.0
208.236173484 51.874103951 1.0
208.289144567 51.812576014 1.0
208.390702977 51.951260103 1.0
208.44728726 51.959609687 1.0
208.450498907 51.899365173 1.0
208.774077635 51.727280791 1.0
208.870597028 51.676452713 1.0
209.059195891 51.810332664 1.0
209.217281117 51.769894029 1.0
209.673525987 51.567223199 1.0
209.875513721 51.603537473 1.0
210.480160488 51.519562836 1.0
210.408797385 51.37736713 1.0
210.462771433 51.332767381 1.0
210.942292054 51.332680886 1.0
211.120344567 51.163687811 1.0
211.409197962 51.149900098 1.0
211.58838623 51.221031083 1.0
208.281258518 52.347467394 1.0
208.640343486 52.279798926 1.0
208.628100319 52.227306014 1.0
208.741841538 52.329555604 1.0
208.714096001 52.255320537 1.0
208.553666291 52.357636397 1.0
208.978405536 52.294944945 1.0
208.960166011 52.208986777 1.0
208.977535528 52.124445783 1.0
209.086362145 52.283239084 1.0
209.06559523 52.088708346 1.0
209.418919274 52.157042889 1.0
209.436488435 52.053675 1.0
209.481430309 52.09175006 1.0
209.78303149 52.068283032 1.0
209.93837143 52.025978646 1.0
209.998351709 51.986868731 1.0
210.094557437 51.860009276 1.0
210.678543411 51.857164028 1.0
210.788119249 51.820025895 1.0
210.914581299 51.85668644 1.0
211.050693509 51.728112755 1.0
211.316218374 51.67372152 1.0
211.593205984 51.648186144 1.0
211.765331115 51.473091701 1.0
208.568851917 52.841025072 1.0
208.57698462 52.624957655 1.0
208.690413716 52.78512777 1.0
208.763426646 52.78565397 1.0
208.984817814 52.711946075 1.0
208.924803664 52.594849346 1.0
208.939288604 52.554269359 1.0
209.099907587 52.679390546 1.0
209.060895911 52.610773503 1.0
209.050731309 52.578439198 1.0
209.066677598 52.546907881 1.0
209.16518022 52.644931794 1.0
209.175241721 52.528093516 1.0
209.33945697 52.65516522 1.0
209.259294276 52.651040775 1.0
209.359731717 52.665966819 1.0
209.34646236 52.618361281 1.0
209.300375765 52.541400204 1.0
209.404628289 52.580129597 1.0
209.413385615 52.584262278 1.0
209.461460935 52.616815481 1.0
209.53027503 52.567657162 1.0
209.535070914 52.526626854 1.0
209.618154437 52.586533551 1.0
209.564521192 52.486675742 1.0
209.599097872 52.463889466 1.0
209.728331988 52.518592459 1.0
209.975981663 52.417350161 1.0
210.252118012 52.435106397 1.0
210.16485421 52.439468862 1.0
210.275482918 52.472338669 1.0
210.228239924 52.316385726 1.0
210.214976176 52.26853948 1.0
210.420153502 52.296426174 1.0
210.487754247 52.279526607 1.0
210.564730644 52.233239951 1.0
210.760170499 52.321247235 1.0
210.910344569 52.205084801 1.0
211.034628079 52.074876247 1.0
211.555397991 52.142857031 1.0
211.655063659 52.127756906 1.0
211.69104331 51.937833251 1.0
211.800893138 52.053441882 1.0
211.790386002 52.033755792 1.0
208.119749505 53.366190464 1.0
208.152186088 53.364600048 1.0
208.928819295 53.014224817 1.0
208.970514611 53.063789011 1.0
208.976151228 52.999053638 1.0
209.114006142 53.164890215 1.0
209.060311419 53.039042963 1.0
209.289440097 52.941056347 1.0
209.500214236 52.883516701 1.0
209.641452975 52.899609857 1.0
209.774715332 52.815282942 1.0
209.747414205 52.966472073 1.0
209.858537893 52.992679722 1.0
209.811933384 52.850619049 1.0
209.898517282 52.953625897 1.0
209.877869491 52.867121413 1.0
209.949260152 52.971700279 1.0
210.036540301 52.846474813 1.0
210.070305118 52.839031523 1.0
210.34033471 52.816909195 1.0
210.413645261 52.829745976 1.0
210.787672092 52.678582058 1.0
211.088652801 52.563424318 1.0
211.130756967 52.509063509 1.0
211.565254167 52.543076148 1.0
211.659055501 52.450610102 1.0
211.802764135 52.445685949 1.0
212.006826961 52.396168278 1.0
212.192043815 52.354265737 1.0
212.281820193 52.322736649 1.0
212.33107015 52.301368314 1.0
212.458177052 52.342813471 1.0
208.517702169 53.600207081 1.0
208.641238739 53.584297852 1.0
208.807450367 53.604145068 1.0
209.320379301 53.505665994 1.0
209.361564265 53.407214479 1.0
209.423234933 53.340918126 1.0
209.706381056 53.480375981 1.0
209.795390455 53.326132721 1.0
210.238286324 53.312456425 1.0
210.36269382 53.170910851 1.0
210.721011767 53.243618513 1.0
210.699346991 53.131059733 1.0
210.700071699 53.109222254 1.0
211.061528813 53.13552541 1.0
211.218835597 53.10891635 1.0
211.329229387 53.124260199 1.0
211.396101267 52.926789472 1.0
211.488368699 52.953900268 1.0
211.780614432 52.963763793 1.0
211.925757074 52.782369043 1.0
211.76816776 52.814716526 1.0
211.834668672 52.879529513 1.0
211.81855022 52.838149842 1.0
211.999543908 52.914614363 1.0
212.579672812 52.65376539 1.0
208.19701256 53.889923463 1.0
211.505554337 50.783639158 1.0
211.584982885 50.772119247 1.0
212.49995961 50.532832605 1.0
212.747853916 50.456038897 1.0
213.150387362 50.360483667 1.0
213.436484492 50.269891389 1.0
213.88719691 50.181049758 1.0
211.743559048 51.034335492 1.0
212.057482068 51.109246026 1.0
211.918299201 50.978737634 1.0
212.518503584 50.943268755 1.0
212.540367972 50.909529046 1.0
212.707634702 50.835215851 1.0
213.092217677 50.760472732 1.0
213.3602928 50.64497455 1.0
213.609707043 50.642669258 1.0
213.669512949 50.689953956 1.0
213.93426415 50.44712878 1.0
214.560973618 50.470402675 1.0
214.812362794 50.249544409 1.0
214.911411617 50.180764812 1.0
215.180842383 50.110302214 1.0
215.2215419 50.163269746 1.0
215.144524726 50.096447364 1.0
215.385428387 50.057248504 1.0
215.541580545 50.146896977 1.0
212.014219471 51.421451504 1.0
212.21564981 51.528637714 1.0
212.4356822 51.484668899 1.0
212.391216539 51.295502443 1.0
212.583945724 51.406667872 1.0
213.072508256 51.143357684 1.0
213.175136833 51.107149081 1.0
213.262104871 51.199317552 1.0
213.452957015 51.233404559 1.0
213.504243746 51.066742298 1.0
213.659793609 51.179174893 1.0
213.669439821 50.989548396 1.0
213.939091367 51.083806596 1.0
214.080535434 50.89151418 1.0
214.07484676 50.864596065 1.0
214.135935823 50.925619909 1.0
214.459766436 50.857961613 1.0
214.960655159 50.714620222 1.0
215.165600492 50.627399899 1.0
215.16164751 50.582595708 1.0
215.312613273 50.679448752 1.0
215.218227579 50.524654296 1.0
215.416728002 50.637287277 1.0
215.473136796 50.610133657 1.0
215.985390657 50.486472189 1.0
216.155971453 50.334460112 1.0
216.930415157 50.083925515 1.0
217.15575286 50.130007247 1.0
217.545395782 50.042837315 1.0
212.22179786 51.948492827 1.0
212.741303868 51.85556103 1.0
212.809489775 51.773171441 1.0
214.452776311 51.269735234 1.0
214.486573551 51.302604322 1.0
214.978302994 51.216562728 1.0
215.018846163 51.193517683 1.0
215.137895618 51.211952166 1.0
215.040376708 51.114576704 1.0
215.108557649 51.161170796 1.0
215.161687592 51.196049178 1.0
215.206684336 51.174144699 1.0
215.438229921 51.100506667 1.0
215.823960851 50.99058929 1.0
215.900160972 50.945717614 1.0
216.040944944 50.786415088 1.0
216.400699431 50.710355729 1.0
216.883377484 50.530600675 1.0
216.806242332 50.562443926 1.0
217.188196266 50.529918161 1.0
217.501597758 50.448696711 1.0
218.041859658 50.351769223 1.0
217.972782799 50.178532264 1.0
218.033847997 50.190036981 1.0
218.392475893 50.223327757 1.0
218.359674975 50.13868313 1.0
218.359686924 50.115528213 1.0
218.432212818 50.188768728 1.0
218.596567161 50.008997776 1.0
218.565275292 50.092948146 1.0
218.608062153 50.155856648 1.0
218.830689683 50.088932966 1.0
218.870988953 50.001837081 1.0
218.844586398 50.093560205 1.0
219.024758055 50.030088948 1.0
212.533566176 52.351184198 1.0
212.688186261 52.322560307 1.0
212.6497311 52.252758158 1.0
213.422093266 52.030824506 1.0
213.677515697 52.00726167 1.0
213.885797109 51.979744249 1.0
213.821766216 51.831140053 1.0
213.883286028 51.918927213 1.0
213.896791313 51.864884232 1.0
213.953947704 51.928389268 1.0
213.963995541 51.856923907 1.0
214.316168563 51.881953931 1.0
214.616418383 51.634057042 1.0
214.698618486 51.718821677 1.0
215.281553109 51.622077429 1.0
215.867290939 51.330832521 1.0
217.022120098 51.061167391 1.0
217.125594137 51.051299159 1.0
217.073677245 50.968524509 1.0
217.108819051 50.959500532 1.0
217.19803481 50.93899486 1.0
217.231993265 51.024228813 1.0
217.330600401 50.926817758 1.0
217.436576121 51.014182615 1.0
217.925256102 50.855888479 1.0
217.958997048 50.716437099 1.0
218.034533576 50.667422559 1.0
218.379751443 50.647126823 1.0
218.569940263 50.588237636 1.0
218.641703367 50.59660027 1.0
218.616849058 50.555550191 1.0
218.634571786 50.47380777 1.0
218.627100472 50.424350392 1.0
218.685581789 50.454003629 1.0
218.727315586 50.400434502 1.0
218.746969722 50.393236162 1.0
219.164963116 50.240026903 1.0
219.323813792 50.281644456 1.0
219.379160976 50.21057352 1.0
219.43065165 50.267811016 1.0
219.643006494 50.086779937 1.0
219.697928668 50.103009328 1.0
219.859257361 50.152990083 1.0
220.023790725 50.122453177 1.0
220.02366229 50.050567644 1.0
212.770302622 52.766449627 1.0
212.727094528 52.59785809 1.0
212.819627328 52.720299165 1.0
213.164128876 52.516410523 1.0
213.503722297 52.394446133 1.0
213.647235952 52.546502739 1.0
213.709772412 52.451314139 1.0
214.430068056 52.339722278 1.0
214.632394637 52.212574755 1.0
214.772124836 52.160297931 1.0
215.412641034 51.870476567 1.0
215.582070783 51.811007918 1.0
215.869719257 51.918545536 1.0
216.400527256 51.7365759 1.0
216.426001255 51.610452105 1.0
216.558481187 51.686625339 1.0
216.562933363 51.559189945 1.0
217.011800522 51.558751548 1.0
217.309218356 51.454169069 1.0
217.616081264 51.412244427 1.0
217.582965191 51.336072303 1.0
217.617657232 51.328362119 1.0
217.631413277 51.335607397 1.0
217.66607103 51.258595738 1.0
217.776133827 51.171511358 1.0
218.008310471 51.185124612 1.0
217.950489078 51.102698856 1.0
218.268525751 51.161981504 1.0
218.23945029 51.101097698 1.0
218.36159646 51.029531545 1.0
218.936467216 50.837636117 1.0
219.091900112 50.904515054 1.0
219.282515647 50.836958211 1.0
219.462694835 50.767987897 1.0
219.410123469 50.679113657 1.0
219.488795594 50.742263081 1.0
219.56285514 50.786477358 1.0
219.593272144 50.696260108 1.0
219.775169524 50.66453956 1.0
220.006146581 50.568520454 1.0
220.130999572 50.551546675 1.0
220.166448138 50.567416906 1.0
220.265426976 50.555164604 1.0
220.203357507 50.428525357 1.0
220.391906027 50.415932867 1.0
220.37878681 50.35469999 1.0
220.441596035 50.354668585 1.0
220.582785385 50.279882829 1.0
220.845295541 50.150421564 1.0
208.462479735 51.636434498 1.0
209.269948828 51.467331033 1.0
209.391830313 51.35726767 1.0
209.494012287 51.324044314 1.0
209.821645837 51.386032617 1.0
211.023640508 50.989382133 1.0
211.361982854 51.042707227 1.0
211.477513752 51.030143202 1.0
211.513211502 50.982361479 1.0
211.801379103 50.803389312 1.0
211.938608728 50.773267532 1.0
212.1557226 50.810332137 1.0
212.533934815 50.759657179 1.0
212.498106062 50.702442312 1.0
212.593663911 50.701086741 1.0
213.149046839 50.41024281 1.0
213.236210018 50.501538181 1.0
213.464582176 50.354588061 1.0
213.580812424 50.416220352 1.0
213.919678857 50.286508093 1.0
214.034908131 50.389094277 1.0
213.970112432 50.263965493 1.0
214.862107484 50.132815021 1.0
214.888750369 50.044423005 1.0
215.014686621 50.013944424 1.0
215.153144362 50.02515738 1.0
215.184109431 50.011143083 1.0
215.207216975 50.025275172 1.0
208.188520435 52.166417771 1.0
209.050489801 52.005495176 1.0
209.286206149 51.919727636 1.0
209.246004156 51.828523572 1.0
209.693506485 51.7290592 1.0
210.475799272 51.628733564 1.0
210.838233387 51.582409873 1.0
211.142802184 51.466983715 1.0
211.455703711 51.391938859 1.0
212.357819029 51.231700964 1.0
212.447665261 51.145257211 1.0
212.493823167 51.180442787 1.0
212.546019644 51.103672298 1.0
212.55798745 51.113688238 1.0
212.698152743 51.096383561 1.0
212.769403678 51.173504702 1.0
213.263041438 50.969097073 1.0
213.302226447 50.994797413 1.0
213.427499686 50.957619695 1.0
213.561040346 50.953523772 1.0
213.848553728 50.830921106 1.0
213.959641455 50.674575065 1.0
214.029610593 50.669623737 1.0
214.077344082 50.727130915 1.0
214.47545042 50.605847629 1.0
214.513535777 50.627791656 1.0
214.808775642 50.620303302 1.0
214.853933875 50.623619008 1.0
215.303036823 50.374300314 1.0
215.783511421 50.221386074 1.0
216.139163092 50.09999809 1.0
216.837238321 50.009092326 1.0
208.035796646 52.573997837 1.0
208.152869897 52.685789291 1.0
208.237653812 52.589604917 1.0
208.267342326 52.603200473 1.0
208.594212453 52.590228985 1.0
208.659538975 52.388535044 1.0
208.811922525 52.405308594 1.0
208.964853818 52.366202029 1.0
209.007078646 52.429273019 1.0
209.086872616 52.429688962 1.0
209.237189153 52.270075589 1.0
209.292964762 52.343084753 1.0
209.272652967 52.298393755 1.0
209.35525494 52.392833891 1.0
209.400454832 52.387430481 1.0
209.706083413 52.330675287 1.0
209.462156435 52.233263472 1.0
209.590314544 52.392946454 1.0
209.65024377 52.355972745 1.0
209.666942308 52.360257178 1.0
209.786955985 52.279663882 1.0
209.968152526 52.134421417 1.0
210.093125858 52.232614402 1.0
210.10008403 52.110928538 1.0
210.30169228 52.169734452 1.0
210.355328779 52.044684174 1.0
210.527297754 52.001771518 1.0
211.486132046 51.917950253 1.0
211.808417338 51.783903128 1.0
211.849935298 51.834325835 1.0
212.006792416 51.707291693 1.0
212.247034974 51.617308478 1.0
212.282793267 51.661866405 1.0
212.501994567 51.587643984 1.0
212.638173334 51.480447015 1.0
212.644392798 51.464666673 1.0
213.083538114 51.396442724 1.0
213.151377479 51.360954203 1.0
213.814586267 51.231381953 1.0
215.291880436 50.816641859 1.0
215.325072818 50.821517825 1.0
215.41081106 50.75361931 1.0
215.576480014 50.853153619 1.0
215.962578268 50.637527689 1.0
216.148313487 50.576387054 1.0
216.260237766 50.575688535 1.0
216.279344103 50.531811736 1.0
216.435436156 50.619366924 1.0
217.256216258 50.328629578 1.0
217.436855309 50.161548393 1.0
217.663452079 50.22603117 1.0
217.64603877 50.029837822 1.0
218.357636774 50.006678373 1.0
208.039635503 53.077505771 1.0
208.175537451 52.940660752 1.0
208.571926545 52.932569285 1.0
208.690783318 52.884268301 1.0
208.647216284 53.024540165 1.0
209.009958704 52.811476384 1.0
209.104637129 52.928002797 1.0
209.219123998 52.821243759 1.0
209.330202799 52.731741077 1.0
209.395902914 52.810145527 1.0
209.389013313 52.722084135 1.0
209.526071765 52.64055316 1.0
209.634656388 52.739377056 1.0
209.689436692 52.712578368 1.0
209.859103612 52.788686278 1.0
209.775454919 52.664218106 1.0
210.152175134 52.53854432 1.0
210.235959741 52.5887173 1.0
210.451228675 52.462116434 1.0
210.645533861 52.459513622 1.0
210.710760987 52.536021393 1.0
210.70333331 52.500268021 1.0
210.807110952 52.414045558 1.0
210.874334991 52.433451669 1.0
210.945409896 52.335723894 1.0
211.016964032 52.413777797 1.0
211.163805624 52.411005825 1.0
211.46184083 52.234259465 1.0
211.873097393 52.141606616 1.0
211.928553295 52.091978641 1.0
212.0798723 52.252669979 1.0
212.020515939 52.154271363 1.0
212.067149529 52.159888168 1.0
212.625291715 52.130443584 1.0
212.699595275 52.101570214 1.0
212.800423489 51.91775875 1.0
213.870480631 51.771250555 1.0
214.138300153 51.680307722 1.0
214.434081411 51.538971812 1.0
214.819158777 51.449281248 1.0
215.000593054 51.494798294 1.0
215.204918384 51.219925306 1.0
215.341048363 51.234936259 1.0
215.509402383 51.317930121 1.0
215.559919354 51.196529955 1.0
216.212180763 51.134646842 1.0
216.147870984 51.137828315 1.0
216.35319658 50.964701526 1.0
216.581936048 50.936105694 1.0
216.879762259 50.955521797 1.0
217.029417229 50.755852098 1.0
217.157582147 50.767704445 1.0
217.122001084 50.69008772 1.0
217.346169461 50.618880881 1.0
217.552036431 50.701963845 1.0
217.609242171 50.669786868 1.0
217.724296165 50.595234559 1.0
218.048267617 50.531938038 1.0
218.057997409 50.401471132 1.0
218.331503566 50.392786306 1.0
218.391057862 50.415372932 1.0
218.470080749 50.373278614 1.0
218.62724504 50.180087233 1.0
218.546577005 50.278009218 1.0
218.729241867 50.32146932 1.0
218.870458327 50.116847538 1.0
218.904880699 50.123436686 1.0
218.963668707 50.188439382 1.0
219.116750732 50.245343879 1.0
218.983329802 50.075937077 1.0
219.13094312 50.049456391 1.0
219.269477777 50.000595057 1.0
208.214837101 53.548045209 1.0
208.183454469 53.415429324 1.0
208.250895235 53.500065262 1.0
208.339744535 53.380368518 1.0
208.49445318 53.405637962 1.0
208.558518306 53.479979273 1.0
208.638909377 53.398299218 1.0
208.761697402 53.359013678 1.0
208.954894969 53.246986404 1.0
209.227868211 53.282880095 1.0
210.136438603 52.954000028 1.0
211.194333218 52.758152882 1.0
211.254134 52.83579315 1.0
211.270039136 52.709092416 1.0
211.427440668 52.696782008 1.0
211.61367582 52.69628721 1.0
211.946641073 52.636088661 1.0
212.282714816 52.540624808 1.0
212.37790217 52.497392403 1.0
212.540074231 52.42242748 1.0
212.62613977 52.538137014 1.0
212.620387049 52.507245081 1.0
212.645627058 52.428407472 1.0
212.720832563 52.42043562 1.0
212.824973222 52.518384085 1.0
212.743340513 52.336659708 1.0
212.90303146 52.343094302 1.0
212.885927944 52.298841233 1.0
213.330565755 52.311389804 1.0
213.442250027 52.221567341 1.0
213.719973941 52.097704453 1.0
213.833277515 52.141963682 1.0
213.941531717 52.224481513 1.0
214.756209888 51.970237535 1.0
215.048306844 51.741306528 1.0
215.056119986 51.722613662 1.0
215.122259379 51.796884121 1.0
215.185407532 51.702944352 1.0
215.297803023 51.78946995 1.0
215.521408648 51.781673897 1.0
215.75214231 51.709621244 1.0
215.765987919 51.648382581 1.0
215.799735352 51.553752296 1.0
215.991411958 51.61862616 1.0
216.070958017 51.501831338 1.0
216.699655976 51.462141303 1.0
216.791067622 51.329816863 1.0
216.773891661 51.238946578 1.0
217.049495317 51.188026107 1.0
217.194425355 51.205916988 1.0
217.443482618 51.155418863 1.0
217.440117397 51.13057522 1.0
217.563292372 51.152343069 1.0
217.555321918 51.087175607 1.0
217.639559527 51.039991676 1.0
217.708327847 51.101824213 1.0
217.786153953 51.119421479 1.0
217.896991593 51.006388596 1.0
217.862267603 51.112749244 1.0
217.803888507 50.973985761 1.0
218.065851187 50.966725364 1.0
218.323970173 50.97302171 1.0
218.385349506 50.934562089 1.0
218.365202927 50.868906582 1.0
218.568119469 50.810049372 1.0
218.558725485 50.744137186 1.0
218.578077595 50.68344631 1.0
218.759647099 50.773796711 1.0
218.847504692 50.67592369 1.0
218.895413843 50.658129648 1.0
218.971489507 50.640200407 1.0
219.266647632 50.48903662 1.0
219.504829623 50.522823154 1.0
219.679041131 50.392064627 1.0
220.035544357 50.407342839 1.0
220.002586678 50.300604391 1.0
220.144174158 50.361044814 1.0
220.078018819 50.240318786 1.0
220.265589992 50.281009798 1.0
220.275589927 50.256169351 1.0
220.13952373 50.319101662 1.0
220.608759893 50.212352765 1.0
220.785544486 50.114606071 1.0
209.119549505 53.651736869 1.0
209.265665653 53.670898497 1.0
209.518963369 53.59465944 1.0
210.307602989 53.450558603 1.0
211.441193451 53.119733304 1.0
211.849579162 53.091643608 1.0
212.016014012 53.024423663 1.0
212.112133604 53.042199862 1.0
212.085288146 52.950502633 1.0
212.832067511 52.848768511 1.0
213.083376759 52.777234305 1.0
213.096134914 52.78704317 1.0
213.23699683 52.743641329 1.0
213.299940979 52.667317092 1.0
213.520098444 52.663325976 1.0
217.401980136 51.535738713 1.0
208.044411598 56.653168419 1.0
208.432530628 56.627571787 1.0
208.527845551 56.632668087 1.0
208.925117519 56.502083314 1.0
208.985457919 56.578006252 1.0
209.842653881 56.294024017 1.0
210.008948264 56.271156109 1.0
210.493709289 56.240734144 1.0
210.884670091 56.150357825 1.0
211.240403665 56.070019045 1.0
211.257970647 56.090408326 1.0
211.167392325 56.096668434 1.0
211.532769531 55.968135464 1.0
211.585638674 55.999217639 1.0
211.706462796 55.950165341 1.0
212.082189846 55.852752592 1.0
213.040456495 55.635052205 1.0
213.065337606 55.566805312 1.0
213.371457551 55.486824681 1.0
213.429497469 55.510568081 1.0
213.383260519 55.544909312 1.0
213.572841443 55.512974616 1.0
214.000230279 55.364090327 1.0
214.074077336 55.379160828 1.0
214.370118898 55.266318412 1.0
214.553988358 55.168833003 1.0
214.639328175 55.147621232 1.0
214.644269254 55.181733168 1.0
215.043536261 55.07398048 1.0
215.082333216 55.120005107 1.0
215.211467553 55.015913005 1.0
215.851068464 54.854694007 1.0
215.954871194 54.84895875 1.0
208.824535392 56.95998122 1.0
209.014307186 56.921477748 1.0
208.9914534 56.884135014 1.0
209.072639077 56.954283783 1.0
209.097237013 56.883603647 1.0
209.273261947 56.844851403 1.0
209.288383881 56.855892523 1.0
209.329270432 56.840745773 1.0
209.539964037 56.869427212 1.0
209.583430716 56.889537061 1.0
209.555593128 56.819872102 1.0
209.612203279 56.756650426 1.0
209.639918564 56.889292333 1.0
209.918120845 56.673424429 1.0
210.009896527 56.682170642 1.0
210.223595062 56.753996657 1.0
210.691338063 56.629971524 1.0
210.754609819 56.595841943 1.0
211.225933064 56.490757049 1.0
211.044957362 56.420310662 1.0
211.856729659 56.379958541 1.0
212.038500642 56.287632011 1.0
211.99407723 56.174472939 1.0
212.244097568 56.205631371 1.0
212.162438438 56.288862989 1.0
212.344962668 56.276531893 1.0
212.307724891 56.101583631 1.0
212.500260245 56.169463798 1.0
212.477486701 56.090669546 1.0
212.611674962 56.203053875 1.0
212.546237 56.097290061 1.0
212.768895355 56.083582315 1.0
212.995212228 56.114766128 1.0
212.974354876 56.031928613 1.0
213.024714312 56.081573558 1.0
213.543997673 55.88443145 1.0
214.048100702 55.693155145 1.0
214.241243015 55.666964879 1.0
214.385899591 55.71021595 1.0
214.614780577 55.638989946 1.0
214.770136583 55.670435108 1.0
214.681574702 55.551694286 1.0
214.863232892 55.466415928 1.0
214.895410352 55.459039652 1.0
214.913183304 55.462662166 1.0
215.007412402 55.45277314 1.0
215.052178203 55.500777502 1.0
215.283728759 55.353412009 1.0
215.387788634 55.398498424 1.0
215.411882341 55.340728794 1.0
215.569108449 55.4152732 1.0
215.469658292 55.28990742 1.0
215.663771749 55.387035402 1.0
215.773925641 55.364438885 1.0
215.828053755 55.30074901 1.0
215.944009308 55.206489221 1.0
215.990869253 55.230176888 1.0
216.117051924 55.254833184 1.0
216.14372422 55.139808921 1.0
216.331364639 55.080906745 1.0
210.475659248 56.977703199 1.0
210.770726655 56.981100609 1.0
211.129680251 56.90728862 1.0
211.417868782 56.825538613 1.0
211.571671373 56.81369155 1.0
211.73051999 56.794153055 1.0
211.973569656 56.64483139 1.0
212.313649329 56.572351276 1.0
212.971271521 56.453977891 1.0
213.303816919 56.439846988 1.0
213.349473336 56.476263083 1.0
213.577190437 56.278258689 1.0
213.751133909 56.178040624 1.0
213.843851981 56.159625558 1.0
213.927325423 56.150438907 1.0
213.998061565 56.222779318 1.0
214.061303475 56.207943233 1.0
214.047750143 56.142077148 1.0
214.043356643 56.264029972 1.0
214.631368444 56.095598047 1.0
214.658124734 56.053725743 1.0
214.743662541 56.140657925 1.0
214.702886737 55.982447998 1.0
214.835553837 56.10278029 1.0
215.025077712 56.016446754 1.0
215.06716027 55.829960645 1.0
215.462844462 55.838904096 1.0
215.486578095 55.784640222 1.0
215.547171699 55.791435222 1.0
215.587804767 55.742256751 1.0
215.742138735 55.747453755 1.0
215.757471737 55.716523557 1.0
215.97181578 55.667061365 1.0
216.156800647 55.729137746 1.0
216.088133373 55.742432014 1.0
215.999257591 55.596763022 1.0
216.291656804 55.667812627 1.0
216.247074845 55.593638838 1.0
216.323298016 55.675861832 1.0
216.32042835 55.562005682 1.0
216.429007795 55.647094049 1.0
216.354369987 55.485791639 1.0
216.402074652 55.477273824 1.0
216.486735046 55.44486726 1.0
216.650439984 55.598054749 1.0
212.608249288 56.949395011 1.0
213.093519064 56.948674324 1.0
213.027937153 56.835764649 1.0
213.079363913 56.808212696 1.0
213.453192018 56.813318975 1.0
213.726952103 56.788148905 1.0
214.298495045 56.662544806 1.0
214.466895498 56.55514552 1.0
214.588870491 56.482245055 1.0
214.754021549 56.515517932 1.0
214.908425675 56.458669494 1.0
214.984619566 56.527533618 1.0
214.878180843 56.380036458 1.0
214.940029393 56.418996509 1.0
215.245494405 56.370113482 1.0
215.268558301 56.35930419 1.0
215.605360287 56.303084292 1.0
215.55847511 56.164792544 1.0
215.769964587 56.263251403 1.0
215.956660149 56.182307145 1.0
215.950995968 56.123173009 1.0
216.116770955 56.208909772 1.0
216.224941239 56.157410049 1.0
216.326924419 56.172203708 1.0
216.281544156 56.032913501 1.0
216.377424934 56.118973132 1.0
216.529740869 55.994136302 1.0
216.613473683 55.924415893 1.0
216.675573186 55.982187683 1.0
216.782733466 55.871243181 1.0
216.946230113 55.799956207 1.0
214.566061894 56.982252791 1.0
215.191994401 56.856611267 1.0
215.214305013 56.872819608 1.0
215.278211794 56.930893837 1.0
215.305255544 56.716504238 1.0
215.446247331 56.715948536 1.0
215.630586813 56.670279325 1.0
215.753896626 56.770185535 1.0
215.693595036 56.693611792 1.0
216.000359162 56.687073559 1.0
216.014243956 56.670249524 1.0
216.160780065 56.533766823 1.0
216.37701724 56.412998068 1.0
216.44402124 56.587357967 1.0
216.576484651 56.574921121 1.0
216.471256142 56.484143223 1.0
216.417439258 56.421923076 1.0
216.563269407 56.393508048 1.0
216.716392649 56.414208407 1.0
216.693271852 56.347448058 1.0
216.933301809 56.432868939 1.0
217.013111319 56.384686993 1.0
216.925760714 56.287241066 1.0
216.969051773 56.322792202 1.0
217.154326649 56.331346435 1.0
217.401700357 56.260266243 1.0
217.351773938 56.32476053 1.0
217.363860962 56.171284854 1.0
216.715352742 56.923704635 1.0
216.870722764 56.816806233 1.0
216.93418619 56.79960288 1.0
217.226409475 56.82323131 1.0
217.42120264 56.745478974 1.0
217.341808304 56.615806585 1.0
217.560074669 56.707065369 1.0
217.721039234 56.608831068 1.0
217.798223505 56.635554946 1.0
217.816875028 56.573014018 1.0
216.785324834 54.589585209 1.0
217.227013084 54.483355534 1.0
217.202904211 54.485345034 1.0
217.250449506 54.427661246 1.0
217.557769491 54.362471904 1.0
218.541621182 54.079016729 1.0
218.551099095 54.048967848 1.0
218.834749749 53.965607095 1.0
218.869223837 53.958822359 1.0
216.587649292 55.054633222 1.0
216.575975403 55.157357276 1.0
216.485066073 55.016280122 1.0
216.627366142 54.938357896 1.0
216.797186451 55.033991941 1.0
216.896038332 55.011308386 1.0
217.09934097 54.993136894 1.0
217.293171955 54.908397591 1.0
217.438910003 54.826621971 1.0
217.384186775 54.77128846 1.0
217.63101049 54.804581274 1.0
217.597237483 54.735857731 1.0
217.727854948 54.688473428 1.0
217.717228848 54.632661431 1.0
217.855290671 54.726103017 1.0
217.932834198 54.715535407 1.0
217.967835465 54.721991587 1.0
218.023597585 54.646568497 1.0
218.03462836 54.600509673 1.0
218.054302881 54.613070712 1.0
218.088979124 54.587173062 1.0
218.090226579 54.556156988 1.0
218.111146777 54.474433676 1.0
218.483082976 54.542233013 1.0
218.446795027 54.448856806 1.0
218.61416604 54.472211325 1.0
218.687232607 54.404208617 1.0
218.887127885 54.381290388 1.0
219.068889645 54.339224396 1.0
219.408382133 54.267718371 1.0
219.294175854 54.146677592 1.0
219.541270726 54.162528811 1.0
219.668379878 54.143229624 1.0
219.839838703 54.127462749 1.0
219.940875473 54.014577702 1.0
220.009062811 53.960249148 1.0
219.964269084 53.90915868 1.0
220.114786941 54.031174367 1.0
220.119514305 54.032326746 1.0
220.11821373 53.939372704 1.0
220.175098769 53.890993648 1.0
220.107585171 53.856451706 1.0
220.129618693 53.869578114 1.0
220.204490051 53.840243281 1.0
220.33930346 53.749630131 1.0
216.985180725 55.453482623 1.0
217.025418432 55.483007199 1.0
217.075611811 55.488378879 1.0
217.088334272 55.36720252 1.0
217.110279216 55.282242714 1.0
217.277534024 55.372124209 1.0
217.410237301 55.351017313 1.0
217.71812049 55.244523192 1.0
218.045042158 55.095279402 1.0
218.172025249 55.131447259 1.0
218.069899392 55.006404067 1.0
218.196911271 55.141160943 1.0
218.384279607 54.968583915 1.0
218.379337998 55.099153067 1.0
218.416357365 55.027296325 1.0
218.363729314 54.962517868 1.0
218.395716629 54.976964468 1.0
218.445595943 55.013808049 1.0
218.54959728 54.976488228 1.0
218.507865382 55.000628934 1.0
218.706933524 54.917473188 1.0
218.746916738 54.946302033 1.0
218.724784288 54.833043041 1.0
218.742654242 54.843935726 1.0
218.752060404 54.812082897 1.0
218.777188444 54.824123265 1.0
218.822991015 54.756085192 1.0
218.899447171 54.828708578 1.0
218.966791334 54.859545688 1.0
218.975882046 54.785989749 1.0
219.276128354 54.732895497 1.0
219.264063857 54.685217683 1.0
219.28509864 54.612100334 1.0
219.461320721 54.537398315 1.0
219.822940528 54.619151023 1.0
219.919768639 54.534474922 1.0
219.963982398 54.492028131 1.0
220.080142729 54.443643477 1.0
220.353392906 54.375119498 1.0
220.398038937 54.277429388 1.0
220.20392527 54.306904203 1.0
220.291616217 54.252145029 1.0
220.615468807 54.320616269 1.0
220.892279265 54.254442291 1.0
220.77103354 54.26402549 1.0
220.78215475 54.19868538 1.0
220.978929283 54.169043677 1.0
217.40981946 55.749670877 1.0
217.469579624 55.769759148 1.0
217.454677044 55.720619738 1.0
217.541509656 55.796717411 1.0
217.540611527 55.634425769 1.0
217.812513472 55.605199091 1.0
218.006903212 55.493413244 1.0
218.045244603 55.463344049 1.0
218.124193845 55.527772651 1.0
218.168745308 55.507700034 1.0
218.290206153 55.541678064 1.0
218.242789601 55.416769131 1.0
218.356353159 55.444837351 1.0
218.513868477 55.500111332 1.0
218.480253296 55.458852694 1.0
218.591997307 55.358095402 1.0
218.641063192 55.31485291 1.0
218.906155552 55.336259691 1.0
219.118834734 55.304656753 1.0
219.121797946 55.238095488 1.0
219.198495749 55.187432296 1.0
219.322601567 55.22947028 1.0
219.423701337 55.163174157 1.0
219.699225415 54.943476164 1.0
219.831801704 55.030416116 1.0
219.811420766 54.964521785 1.0
219.971282374 54.965198967 1.0
219.951310241 54.904287154 1.0
220.107806525 54.805598364 1.0
220.226318356 54.857127215 1.0
220.493730775 54.771861818 1.0
220.513227192 54.753092157 1.0
220.777030669 54.62561565 1.0
217.678841363 56.134264696 1.0
217.624091085 56.165241106 1.0
217.764568752 56.129959136 1.0
218.027489416 55.927020903 1.0
218.276178979 55.963125381 1.0
218.326636361 56.002007159 1.0
218.342056026 55.919188579 1.0
218.390065822 55.955875478 1.0
218.408135737 55.829942389 1.0
218.614127916 55.964731388 1.0
218.657132622 55.930064931 1.0
218.819663432 55.884625443 1.0
219.028382971 55.722223201 1.0
219.086489336 55.719229829 1.0
218.902454858 55.703536071 1.0
219.020402238 55.787370941 1.0
219.06906273 55.806159703 1.0
218.980124119 55.665997417 1.0
219.026694993 55.702459337 1.0
219.169928843 55.81156098 1.0
219.250571638 55.715538792 1.0
219.162504356 55.684770582 1.0
219.226593972 55.676739032 1.0
219.632061294 55.665342897 1.0
219.853238366 55.579491736 1.0
219.654618616 55.535372256 1.0
219.716982252 55.542762482 1.0
219.79208169 55.544744944 1.0
219.982827974 55.541558653 1.0
219.908081736 55.443179458 1.0
219.994464728 55.501200958 1.0
220.043562305 55.400881541 1.0
220.131685872 55.312700193 1.0
220.278162241 55.376428822 1.0
220.2919507 55.427958201 1.0
220.442355455 55.297442392 1.0
220.552075084 55.298386892 1.0
220.552682851 55.2814833 1.0
220.724759683 55.180155423 1.0
220.839906007 55.231443858 1.0
220.869375849 55.06504264 1.0
217.931381034 56.5898124 1.0
218.03181585 56.618242436 1.0
218.075005904 56.588973634 1.0
218.085617908 56.534095223 1.0
218.322796708 56.457611632 1.0
218.433703949 56.463360424 1.0
218.447083077 56.323188158 1.0
218.698893158 56.422070486 1.0
218.750898535 56.223259015 1.0
218.768855923 56.206740299 1.0
218.971738692 56.267320254 1.0
219.021855888 56.254940807 1.0
219.013787273 56.243362996 1.0
219.045279147 56.259726827 1.0
219.043685725 56.20293509 1.0
219.081849601 56.180045028 1.0
219.132292524 56.176678986 1.0
219.13107365 56.11929558 1.0
219.2594387 56.054866983 1.0
219.268735385 56.050137904 1.0
219.332101844 56.009286576 1.0
219.492572721 56.109249156 1.0
219.499352356 56.083427032 1.0
219.590438889 56.089715782 1.0
219.729809558 56.034105823 1.0
219.840428998 56.031488015 1.0
219.867337706 56.027837355 1.0
219.790676565 55.889556333 1.0
219.894515734 55.9694716 1.0
220.016256354 56.003140669 1.0
219.937246928 55.889468069 1.0
219.999138782 55.815408603 1.0
220.142273825 55.844785836 1.0
220.335666651 55.833138349 1.0
220.459734091 55.720867002 1.0
220.623555984 55.824799958 1.0
220.683140126 55.800645392 1.0
220.669210423 55.679277101 1.0
220.792917777 55.688289213 1.0
220.872487333 55.745727333 1.0
220.818315152 55.671075756 1.0
220.773848597 55.634036529 1.0
220.925603157 55.526768557 1.0
220.964913007 55.653894874 1.0
220.947483314 55.533978388 1.0
208.043091357 56.86993365 1.0
208.284666742 56.747980445 1.0
208.272557591 56.831224514 1.0
208.502905468 56.833470807 1.0
208.482721467 56.748810601 1.0
208.533982937 56.793528049 1.0
208.766246317 56.795903786 1.0
208.886677393 56.788855914 1.0
208.918539969 56.75019413 1.0
208.868458392 56.642371955 1.0
208.977466472 56.786393076 1.0
208.87636277 56.620024717 1.0
209.288525748 56.655381074 1.0
209.408248483 56.652807028 1.0
209.361676038 56.514810158 1.0
209.78053213 56.631440794 1.0
209.825804835 56.509728645 1.0
209.782337689 56.523876828 1.0
209.986888933 56.403262957 1.0
210.159452504 56.410785027 1.0
210.268382318 56.421124376 1.0
210.383093536 56.383111884 1.0
210.581207829 56.459569163 1.0
210.549259356 56.373680451 1.0
210.557722469 56.277213846 1.0
210.670738037 56.258577764 1.0
210.785780821 56.272174361 1.0
210.875555299 56.341627417 1.0
210.809379703 56.248447828 1.0
211.071628318 56.348835386 1.0
211.145720602 56.281467914 1.0
211.259890192 56.126649061 1.0
211.275027017 56.129687898 1.0
211.410344912 56.176320426 1.0
211.614920162 56.141548612 1.0
211.492730709 56.218391021 1.0
211.555318651 56.25003051 1.0
211.5828554 56.214523669 1.0
211.540449631 56.075306384 1.0
211.644097588 56.132097291 1.0
211.624045905 56.084331981 1.0
211.628545448 56.045770664 1.0
211.636206674 56.011970568 1.0
211.769309294 56.011269679 1.0
212.070943103 56.097534474 1.0
212.216413064 55.971523631 1.0
212.232699317 56.039888905 1.0
212.433989117 55.98709792 1.0
212.715764194 55.774537086 1.0
212.920751051 55.796906888 1.0
213.146578053 55.74839643 1.0
213.285685536 55.744729171 1.0
213.37160197 55.757072047 1.0
213.480997933 55.719445491 1.0
213.593162175 55.589145787 1.0
213.580010451 55.63556347 1.0
213.722998595 55.696237684 1.0
213.738339677 55.633828931 1.0
213.906478736 55.513053342 1.0
214.104525005 55.611061601 1.0
214.146656456 55.481634856 1.0
214.117228486 55.426439954 1.0
214.308281911 55.414852531 1.0
214.446750664 55.516346396 1.0
214.43768411 55.495425702 1.0
214.59164264 55.454272454 1.0
214.619466484 55.457187707 1.0
214.847761004 55.250697377 1.0
215.250657725 55.175278764 1.0
215.317372805 55.081937532 1.0
215.464498997 55.232804553 1.0
215.496268307 55.233374697 1.0
215.416131126 55.084773394 1.0
215.38172998 55.046896971 1.0
216.03543109 54.865284843 1.0
216.224375694 54.954881122 1.0
216.310743366 54.998552693 1.0
216.360534082 54.836176954 1.0
216.413607043 54.749792399 1.0
216.49641096 54.833600858 1.0
216.532753711 54.774675113 1.0
216.608069721 54.8459582 1.0
216.658643529 54.884361652 1.0
216.806834433 54.860480861 1.0
217.054941391 54.576706033 1.0
217.188198356 54.68178136 1.0
217.184166812 54.673324416 1.0
217.29275333 54.69816836 1.0
217.568788834 54.615408465 1.0
217.667949268 54.54732558 1.0
217.758332981 54.527100829 1.0
217.646742463 54.379674304 1.0
217.89617463 54.37229851 1.0
218.169211334 54.314741761 1.0
218.293561978 54.229882891 1.0
218.459043614 54.341374933 1.0
218.45769427 54.229501304 1.0
218.616929775 54.234158271 1.0
219.029276833 53.946556624 1.0
219.315921908 53.992806058 1.0
219.586559063 53.904151579 1.0
219.850204505 53.755697809 1.0
220.21724626 53.779277427 1.0
220.116755028 53.591555161 1.0
220.389542327 53.662875405 1.0
220.955029612 53.400762313 1.0
220.722204283 53.405038134 1.0
209.562451903 56.933553227 1.0
209.787892017 56.897347194 1.0
209.828400939 56.908505423 1.0
210.214588733 56.839213084 1.0
210.484599902 56.793968428 1.0
210.706355321 56.884060957 1.0
210.924596955 56.759804879 1.0
211.180607439 56.6384662 1.0
211.183369931 56.571897786 1.0
211.826644676 56.621946503 1.0
212.121921338 56.473262542 1.0
212.279872618 56.36045607 1.0
212.42530314 56.450080017 1.0
212.493208739 56.303230114 1.0
212.622548683 56.449558433 1.0
213.007230773 56.139033145 1.0
213.575047369 56.000731443 1.0
213.765345627 55.975086554 1.0
213.810001519 55.93172239 1.0
214.004325166 56.004028124 1.0
214.459409185 55.947159238 1.0
214.554555145 55.91798687 1.0
215.049580885 55.774693019 1.0
215.211038843 55.772613677 1.0
215.161853476 55.594084798 1.0
215.274337175 55.652030249 1.0
215.410247926 55.533504647 1.0
215.585703934 55.620806439 1.0
215.618663147 55.628383574 1.0
215.651357428 55.594100846 1.0
215.668254066 55.547466295 1.0
215.73971777 55.527288117 1.0
216.044898107 55.504713212 1.0
216.173768942 55.503120585 1.0
216.184566603 55.513680459 1.0
216.543581705 55.242126415 1.0
216.413025004 55.363142766 1.0
216.527846657 55.378032659 1.0
216.600008805 55.355150128 1.0
216.676664509 55.209794992 1.0
216.815589727 55.164527652 1.0
216.802975003 55.106195536 1.0
216.971926312 55.221588329 1.0
216.894921284 55.110368863 1.0
217.111796174 55.245785571 1.0
217.068269567 55.025998854 1.0
217.416405976 54.946658282 1.0
217.398671951 54.97167091 1.0
217.602199203 55.081751497 1.0
217.781583771 55.040601167 1.0
217.909152114 55.003592983 1.0
217.960086909 54.914552202 1.0
217.981389849 54.876489407 1.0
218.044264294 54.802069872 1.0
218.107827556 54.803709274 1.0
218.08426114 54.757133887 1.0
218.383926294 54.71902512 1.0
218.17532006 54.709284087 1.0
218.272411229 54.808609977 1.0
218.288311457 54.741281227 1.0
218.406592897 54.833091974 1.0
218.389576632 54.780959164 1.0
218.385337428 54.783542395 1.0
218.378824656 54.673058287 1.0
218.40641139 54.673242637 1.0
218.446165325 54.665059569 1.0
218.946667404 54.591379954 1.0
218.881154359 54.565635806 1.0
218.997921609 54.446458175 1.0
219.193064277 54.51123826 1.0
219.569604318 54.350463019 1.0
219.659389576 54.277928351 1.0
219.715421881 54.356782134 1.0
219.678498243 54.243074272 1.0
219.82944664 54.266236679 1.0
219.928206583 54.223271251 1.0
220.300861317 54.137055883 1.0
220.348221786 54.152614741 1.0
220.638697426 54.049052231 1.0
211.598562347 56.97661922 1.0
211.877386563 56.955323671 1.0
211.931646511 56.913342029 1.0
212.118735292 56.946135081 1.0
212.256884236 56.980139466 1.0
212.268411043 56.84139376 1.0
212.316811608 56.859967749 1.0
212.530666647 56.839829817 1.0
212.649439463 56.846030998 1.0
212.828241174 56.818055091 1.0
213.052177977 56.737606976 1.0
212.869054197 56.70133195 1.0
212.985357773 56.769409423 1.0
213.281652646 56.532968348 1.0
213.515020181 56.617873324 1.0
213.764222524 56.469314705 1.0
213.883564029 56.482779432 1.0
214.251194478 56.433107905 1.0
214.296330767 56.395887927 1.0
214.2855468 56.310653294 1.0
214.379146343 56.246877395 1.0
214.857022108 56.217050402 1.0
214.911423574 56.177839895 1.0
214.888977332 56.130445948 1.0
214.988784786 56.21281011 1.0
215.297203401 56.022142213 1.0
215.364246731 56.020785408 1.0
215.538424249 56.001492019 1.0
215.875715884 56.032346958 1.0
215.911988385 55.907244714 1.0
216.10977 55.960044847 1.0
216.263108075 55.948347697 1.0
216.242639357 55.910171748 1.0
216.400037914 55.919359299 1.0
216.254304003 55.781940359 1.0
216.350341108 55.76479318 1.0
216.444227515 55.752015751 1.0
216.42261365 55.690726329 1.0
216.693058364 55.640861385 1.0
216.899014092 55.587678126 1.0
217.084849069 55.665464726 1.0
217.09944645 55.636973096 1.0
217.049156254 55.531464971 1.0
217.05841042 55.502784404 1.0
217.360315066 55.496119928 1.0
217.267816579 55.540460368 1.0
217.384979703 55.598035509 1.0
217.395270798 55.519098935 1.0
217.500474762 55.578925648 1.0
217.400743838 55.401350585 1.0
217.553104669 55.387373089 1.0
217.857565328 55.443483848 1.0
218.288437242 55.239414356 1.0
218.306597268 55.207112536 1.0
218.306476511 55.191208337 1.0
218.474749723 55.139977212 1.0
218.488243728 55.106481239 1.0
218.540468017 55.071114197 1.0
218.758827074 55.213995438 1.0
218.705033996 55.140674767 1.0
218.699857669 55.117947588 1.0
218.746797306 55.105090346 1.0
218.854085678 55.077003152 1.0
218.808608708 55.112542127 1.0
218.969557881 55.129971539 1.0
219.126528627 55.095320314 1.0
219.298119287 54.817006143 1.0
219.720131318 54.8808589 1.0
219.811921448 54.827918828 1.0
219.791113498 54.663235972 1.0
219.958012254 54.716228369 1.0
219.930337013 54.612920983 1.0
220.02959394 54.698409987 1.0
220.65721861 54.481017317 1.0
220.751644539 54.501984959 1.0
220.782159135 54.335841659 1.0
213.312962844 56.996588847 1.0
213.391138586 56.997399792 1.0
213.6340673 56.953740453 1.0
213.785048682 56.950447528 1.0
214.235334297 56.790569676 1.0
214.630649151 56.837449051 1.0
215.138433831 56.690290028 1.0
215.138727577 56.674943325 1.0
215.130018418 56.5817137 1.0
215.25332576 56.510911099 1.0
215.270014005 56.472929329 1.0
215.463137297 56.563822739 1.0
215.712863375 56.524074108 1.0
215.778026424 56.390277569 1.0
215.801729714 56.353763317 1.0
215.898777182 56.42564925 1.0
215.873676976 56.388607998 1.0
216.648688252 56.319357715 1.0
217.214240212 55.95047255 1.0
217.45776071 55.89170741 1.0
217.655677189 56.028987459 1.0
217.540827626 55.886301963 1.0
217.714979264 56.009470909 1.0
217.606901686 55.830585135 1.0
217.712201607 55.847653141 1.0
217.84999652 55.962398713 1.0
217.868088895 55.842132054 1.0
217.842227371 55.763955164 1.0
217.719470199 55.780896197 1.0
218.090868082 55.697816422 1.0
218.234773646 55.802288807 1.0
218.238380824 55.802308745 1.0
218.233513605 55.726595851 1.0
218.198298055 55.730118817 1.0
218.505943089 55.725383999 1.0
218.528291508 55.616702348 1.0
218.67390891 55.573211981 1.0
218.868226931 55.638770333 1.0
218.969387507 55.527550877 1.0
218.997975569 55.531607102 1.0
219.071378129 55.441303499 1.0
219.2778038 55.369933213 1.0
219.43822337 55.296965296 1.0
219.477937214 55.286704222 1.0
219.756595632 55.355391112 1.0
219.693859641 55.279520924 1.0
219.974579703 55.275685194 1.0
219.94819912 55.155307786 1.0
220.040272454 55.094033787 1.0
220.139149468 55.138739855 1.0
220.20291492 55.021778112 1.0
220.633588724 54.916377084 1.0
220.975530685 54.831073539 1.0
215.678833907 56.895390494 1.0
215.746879039 56.938796607 1.0
215.838136879 56.919856774 1.0
216.028548886 56.867578541 1.0
216.072184611 56.784610769 1.0
216.223932328 56.856681806 1.0
216.489929004 56.720306809 1.0
216.687625482 56.677761105 1.0
216.669588968 56.626953373 1.0
216.940118578 56.570151035 1.0
216.949346171 56.55064945 1.0
217.254204999 56.521022585 1.0
217.336571715 56.600425181 1.0
217.348008641 56.523720458 1.0
217.445297274 56.488831617 1.0
217.558773093 56.508181142 1.0
217.524859111 56.387609506 1.0
217.558822595 56.393790566 1.0
217.555438158 56.322557956 1.0
217.895097962 56.314171081 1.0
218.21688037 56.247913815 1.0
218.169606688 56.171350122 1.0
218.307763659 56.13985807 1.0
218.349551003 56.13320726 1.0
218.498603083 56.047359873 1.0
218.615836452 55.997567663 1.0
219.066499699 56.023422742 1.0
218.868394626 56.006048071 1.0
218.972838456 55.939204834 1.0
219.048106739 55.956563004 1.0
219.34025524 55.889879899 1.0
219.434215299 55.934699875 1.0
219.437321013 55.924186668 1.0
219.819588509 55.650134544 1.0
219.805336084 55.614432463 1.0
220.073721083 55.556505579 1.0
220.153434735 55.629036919 1.0
220.165709917 55.614859708 1.0
220.210247413 55.656675474 1.0
220.261543193 55.673552177 1.0
220.41635293 55.531841627 1.0
220.539366439 55.568425403 1.0
220.531812769 55.493018355 1.0
220.653285119 55.518262747 1.0
220.713686837 55.344280187 1.0
220.953064337 55.390644564 1.0
220.99031406 55.278884779 1.0
216.894042699 56.993246311 1.0
217.29547866 56.990154811 1.0
217.328976415 56.873883683 1.0
217.436103174 56.914069351 1.0
217.548263511 56.959044849 1.0
217.621705191 56.929485524 1.0
217.637928612 56.92564432 1.0
217.698140021 56.958135807 1.0
217.744034107 56.797906843 1.0
217.821533626 56.780346872 1.0
217.946032359 56.821063636 1.0
218.0438722 56.853086829 1.0
218.031929192 56.75127358 1.0
218.149535978 56.787038484 1.0
218.09557364 56.667118439 1.0
218.229282713 56.663366991 1.0
218.481341357 56.682002305 1.0
218.468163687 56.51423215 1.0
218.756144253 56.628951925 1.0
218.586815518 56.623512481 1.0
218.769451818 56.637047115 1.0
218.893425922 56.528102767 1.0
218.86607139 56.496045765 1.0
218.941169701 56.552645157 1.0
218.980820026 56.564454805 1.0
218.964833189 56.46445407 1.0
219.007192398 56.492878191 1.0
219.094424526 56.544157351 1.0
218.986120486 56.435982597 1.0
219.258956411 56.26966234 1.0
219.573478505 56.19467158 1.0
219.708508838 56.177855479 1.0
219.977126413 56.21927364 1.0
220.540139562 56.042637657 1.0
220.304085523 55.977974379 1.0
220.360589749 56.006628441 1.0
220.614978364 55.979624713 1.0
220.744495121 55.979062681 1.0
220.637170535 55.858840936 1.0
220.690467191 55.898155866 1.0
220.835387415 55.878789149 1.0
220.985945074 55.916279196 1.0
208.077961778 54.269028354 1.0
208.160196168 54.362821845 1.0
208.120976524 54.294550341 1.0
208.329078325 54.28038539 1.0
208.380373825 54.234931345 1.0
208.442551242 54.179095722 1.0
208.440907328 54.152752096 1.0
208.528716242 54.282637238 1.0
208.563845188 54.290561451 1.0
208.670481057 54.281475688 1.0
208.67990728 54.08596724 1.0
208.846157743 54.147095217 1.0
208.824998714 54.037709639 1.0
208.972934354 54.093271213 1.0
209.095974824 54.161007038 1.0
209.175845196 54.105428541 1.0
209.532966831 53.931829286 1.0
209.741411617 53.904199191 1.0
209.759822229 53.861122857 1.0
209.862749456 53.864838463 1.0
209.89842507 53.857493155 1.0
210.211724864 53.839706972 1.0
210.30027472 53.859547311 1.0
210.413440504 53.692229571 1.0
210.785917007 53.727621576 1.0
211.488552622 53.511346883 1.0
211.876383998 53.349331154 1.0
211.948578944 53.370519546 1.0
212.240105935 53.285013574 1.0
212.289238915 53.434996931 1.0
212.292472191 53.431546772 1.0
212.610613764 53.368529162 1.0
212.612805102 53.22300481 1.0
212.929242425 53.258742107 1.0
212.900872422 53.171660076 1.0
212.945988363 53.194806727 1.0
212.911156439 53.121877284 1.0
213.30492522 53.159603519 1.0
213.405553832 53.124505515 1.0
213.529585169 52.911874631 1.0
213.960069109 52.924292314 1.0
213.923610871 52.813274839 1.0
214.284856818 52.865564133 1.0
214.246123047 52.730524921 1.0
214.409950757 52.693279203 1.0
214.529379894 52.697274218 1.0
214.917255862 52.600770673 1.0
215.260607177 52.495208276 1.0
215.329211883 52.542828483 1.0
215.258676607 52.44781445 1.0
216.957289513 52.106808935 1.0
217.168739521 52.056812855 1.0
217.349342445 51.974044277 1.0
217.398206098 51.857838245 1.0
217.512532833 51.866893498 1.0
217.951025396 51.756068371 1.0
218.071946691 51.739319412 1.0
218.116301214 51.69444174 1.0
218.2003176 51.629748363 1.0
218.214247473 51.579600455 1.0
218.328688294 51.598838246 1.0
218.268946889 51.522414253 1.0
218.4969849 51.510568279 1.0
218.594296171 51.5566951 1.0
218.706352573 51.58714984 1.0
219.499816473 51.248996338 1.0
219.399097191 51.37487844 1.0
219.317064642 51.248263503 1.0
219.433383427 51.320379751 1.0
219.553143149 51.191979654 1.0
219.809084983 51.112410173 1.0
219.675249291 51.098922942 1.0
219.74082941 51.078456767 1.0
219.793496514 51.029908925 1.0
219.928164115 51.142135485 1.0
220.126866199 50.998714921 1.0
220.120840681 50.928460675 1.0
220.223182077 50.939435237 1.0
220.108440716 50.939617913 1.0
220.219934814 50.98156342 1.0
220.752702251 50.835916715 1.0
220.953298438 50.749335324 1.0
220.870806379 50.643112033 1.0
208.036000619 54.726827492 1.0
208.048074491 54.756647232 1.0
208.510271304 54.618583807 1.0
208.586861857 54.627904109 1.0
208.734632066 54.689689247 1.0
208.749304424 54.626955879 1.0
208.891267745 54.677208242 1.0
208.968123165 54.661777376 1.0
208.9183181 54.503644009 1.0
209.151068835 54.580646837 1.0
209.106485174 54.497749035 1.0
209.395962485 54.549724715 1.0
209.361483355 54.407912236 1.0
209.423323717 54.428397086 1.0
210.241657409 54.170950069 1.0
210.394041671 54.3420465 1.0
210.695872184 54.193066615 1.0
211.046911657 54.147814681 1.0
211.372613744 53.981938187 1.0
211.425343119 53.978366095 1.0
211.437247726 53.99480182 1.0
211.537766413 54.014904735 1.0
211.751849545 53.977096398 1.0
211.729968233 53.92520017 1.0
211.788300952 53.949722485 1.0
211.773547786 53.92002403 1.0
211.890055339 53.982992195 1.0
211.923267974 53.939430683 1.0
211.966819815 53.967962968 1.0
211.886245324 53.829647776 1.0
212.050403122 53.884305385 1.0
211.996118839 53.799990151 1.0
212.185370749 53.857950615 1.0
212.088448447 53.938418208 1.0
212.086905846 53.904819302 1.0
212.061418468 53.837827259 1.0
212.127646878 53.915467418 1.0
212.109778923 53.762255132 1.0
212.329470431 53.858246685 1.0
212.32728299 53.80411203 1.0
212.380952444 53.830716858 1.0
212.420580351 53.655414289 1.0
212.535245254 53.640360998 1.0
212.705316154 53.772088389 1.0
212.92146791 53.651996915 1.0
212.779002074 53.739848713 1.0
213.091446628 53.60535244 1.0
213.104586069 53.63245584 1.0
213.181566955 53.620122853 1.0
213.208633159 53.628680999 1.0
213.380275502 53.466011801 1.0
213.412930463 53.415041849 1.0
213.694328132 53.47957008 1.0
213.657420061 53.367091708 1.0
213.984904313 53.357768652 1.0
214.007908178 53.295679385 1.0
214.112032934 53.380123952 1.0
214.152993989 53.315070764 1.0
214.249324461 53.24106279 1.0
214.732002105 53.108684967 1.0
214.914335209 53.192343328 1.0
215.05227905 53.124921953 1.0
215.478310674 53.005007024 1.0
215.395982163 53.008317948 1.0
215.52996126 52.907445906 1.0
215.718406803 52.835422123 1.0
215.880380849 52.923389042 1.0
216.656856769 52.492740012 1.0
216.95500248 52.553540459 1.0
217.038182454 52.445314415 1.0
217.10607437 52.457015186 1.0
217.394301752 52.414557637 1.0
217.977831002 52.10871638 1.0
218.173682288 52.075606844 1.0
218.093582169 52.079348467 1.0
218.426028168 52.056280202 1.0
218.435575056 51.974993854 1.0
218.680493723 51.951956054 1.0
218.775472402 52.050636417 1.0
218.736619256 51.970490128 1.0
218.858582795 51.964183542 1.0
219.202219362 51.881505683 1.0
219.067299477 51.897810363 1.0
219.153837866 51.920711375 1.0
219.099293959 51.811700023 1.0
219.076788294 51.73511312 1.0
219.141356954 51.793901789 1.0
219.180405741 51.79128555 1.0
219.288912268 51.669885567 1.0
219.410421855 51.792773991 1.0
219.295191698 51.651729826 1.0
219.424536034 51.763545699 1.0
219.438913271 51.735401069 1.0
219.745390038 51.561368281 1.0
219.906200689 51.679512844 1.0
220.119224179 51.475623218 1.0
220.469746683 51.393538339 1.0
220.588622802 51.277569824 1.0
220.756605865 51.279708358 1.0
220.852994047 51.227210748 1.0
220.679332161 51.307088712 1.0
220.938744056 51.220071728 1.0
220.852444641 51.134130403 1.0
220.986285926 51.180328488 1.0
208.161980083 55.217676512 1.0
208.491707418 55.211557597 1.0
208.24908366 55.219139569 1.0
208.330436241 55.034736662 1.0
208.451889288 55.223567949 1.0
208.465568317 55.209864214 1.0
208.440622388 55.123201567 1.0
208.452948552 55.08073464 1.0
208.491202679 55.018953815 1.0
208.50333723 55.035048275 1.0
208.511833281 55.000897466 1.0
208.634795789 55.116092911 1.0
209.152989747 54.98908282 1.0
209.136839658 54.882971212 1.0
209.371606972 54.895064028 1.0
209.447079465 54.94233624 1.0
209.543844087 54.936078242 1.0
209.478939306 54.784304311 1.0
209.611655672 54.887787099 1.0
210.008615938 54.779582925 1.0
210.676643717 54.727806716 1.0
211.338507464 54.548166276 1.0
211.314923612 54.416165957 1.0
211.544303157 54.492258917 1.0
211.771965958 54.405439987 1.0
211.953596123 54.307302409 1.0
211.995512933 54.363160032 1.0
212.140371816 54.249842849 1.0
212.300390384 54.333512512 1.0
212.425200649 54.236865315 1.0
212.502129138 54.141114949 1.0
212.777110626 54.217679975 1.0
212.69469005 54.213454257 1.0
212.752806848 54.154772234 1.0
212.835766895 54.197782521 1.0
212.935602654 54.158535779 1.0
212.996679471 54.138185793 1.0
212.935144106 54.03590184 1.0
213.102118833 54.050652482 1.0
213.310368825 54.090669605 1.0
213.301421818 53.992913099 1.0
213.33905064 53.988773435 1.0
213.469937186 53.937006145 1.0
213.646388618 53.865756484 1.0
213.707806617 53.91270539 1.0
213.798449142 53.981181255 1.0
214.111280549 53.809434535 1.0
214.078491085 53.841606252 1.0
214.063893463 53.72853771 1.0
214.123140791 53.698631398 1.0
214.515049631 53.684513843 1.0
214.461978379 53.60793403 1.0
214.615094804 53.596118246 1.0
214.942943971 53.612180216 1.0
214.989622906 53.511342987 1.0
215.045289275 53.561730775 1.0
215.132788353 53.601239453 1.0
215.484528804 53.433744824 1.0
216.75788721 53.131877608 1.0
216.752758791 53.0495232 1.0
216.885334908 52.886324559 1.0
217.090110576 52.943670279 1.0
218.272562179 52.565542102 1.0
218.660180429 52.476595559 1.0
218.80977535 52.457825249 1.0
219.043013209 52.44201864 1.0
218.930366008 52.334681404 1.0
219.178162592 52.388180248 1.0
219.214312717 52.314564474 1.0
219.427906365 52.089802934 1.0
219.603428848 52.021766963 1.0
219.733017362 52.045940829 1.0
220.126555283 51.932554202 1.0
220.521879622 51.864867717 1.0
220.569160156 51.908996652 1.0
220.604631563 51.777683506 1.0
220.600129766 51.69495173 1.0
220.755856721 51.680320343 1.0
220.94658886 51.755250912 1.0
208.023635352 55.597631929 1.0
208.349803156 55.512428208 1.0
208.211661796 55.611327823 1.0
208.90435307 55.447095275 1.0
208.950590856 55.412142462 1.0
209.278448256 55.449101787 1.0
209.368512245 55.355072788 1.0
209.597558231 55.360971169 1.0
209.671838304 55.323148755 1.0
209.844226958 55.1624817 1.0
209.949436721 55.300718189 1.0
209.738489836 55.31660997 1.0
209.984719298 55.305362189 1.0
209.993464193 55.205957455 1.0
210.065037766 55.116435743 1.0
210.331336608 55.086973828 1.0
210.657988907 55.02386126 1.0
210.892040219 55.018719427 1.0
211.426278659 55.020299248 1.0
211.608562914 54.96405248 1.0
211.694117437 54.911848143 1.0
212.115909955 54.656066514 1.0
212.349406912 54.801682719 1.0
212.347587067 54.599821092 1.0
212.596179171 54.723209415 1.0
212.774656392 54.679185208 1.0
212.762126063 54.531742778 1.0
212.8157271 54.475275669 1.0
212.927774357 54.564951774 1.0
212.958093417 54.453624657 1.0
212.916970072 54.633224739 1.0
213.150180398 54.402314256 1.0
213.296894187 54.495679754 1.0
213.350776737 54.442620578 1.0
213.483419413 54.426090503 1.0
213.433165422 54.35807141 1.0
213.796053563 54.371589214 1.0
213.876620673 54.215404016 1.0
214.075718356 54.188647745 1.0
214.160819375 54.122316401 1.0
214.21477823 54.179913683 1.0
214.381889892 54.270721551 1.0
214.423728257 54.205355187 1.0
214.370593994 54.119814838 1.0
214.409463575 54.157872287 1.0
214.35508023 54.069683819 1.0
214.526584329 54.194264163 1.0
214.863274206 54.100382342 1.0
214.815318041 54.126745004 1.0
215.051714432 53.994705046 1.0
215.149719803 53.955905619 1.0
215.125715275 53.866551217 1.0
215.412937411 53.90147845 1.0
215.478534981 53.986942168 1.0
215.489675678 53.840292845 1.0
215.792138095 53.690262277 1.0
215.924052113 53.766115407 1.0
216.099053539 53.596452141 1.0
216.223707345 53.742278906 1.0
216.143552522 53.64004017 1.0
216.331700986 53.674937439 1.0
216.643216488 53.496244382 1.0
216.961970773 53.5658337 1.0
217.077512602 53.491300685 1.0
217.218445845 53.473464917 1.0
218.055108197 53.235228338 1.0
218.151542519 53.157761355 1.0
218.186955272 53.187755027 1.0
218.282457789 53.021823414 1.0
218.367070544 53.034708159 1.0
218.428639526 53.071021794 1.0
218.551523866 53.065697314 1.0
218.70736683 52.969290073 1.0
218.980996024 52.872443875 1.0
218.879852417 52.971722982 1.0
218.824865158 52.845030067 1.0
219.062799693 52.819801393 1.0
219.169792059 52.86964451 1.0
218.974065616 52.733602148 1.0
219.174933171 52.703741039 1.0
219.238205486 52.761734171 1.0
219.592126887 52.556047443 1.0
219.756087836 52.493261956 1.0
219.928405663 52.571236271 1.0
219.874962986 52.550598984 1.0
220.029659329 52.400563809 1.0
220.149609958 52.517032998 1.0
220.352289345 52.456764001 1.0
220.565044168 52.410114193 1.0
220.71683574 52.281078647 1.0
208.038078073 56.108836466 1.0
208.195912809 55.981593076 1.0
208.368488562 55.97593876 1.0
208.410016152 55.98079723 1.0
208.548679137 56.047104688 1.0
208.605200768 55.991640273 1.0
208.695426426 56.050427824 1.0
208.755514957 56.037725005 1.0
209.009263889 55.832208984 1.0
209.032157449 55.815609959 1.0
209.21830028 55.916148093 1.0
209.453100771 55.904119551 1.0
209.243793718 55.853296224 1.0
209.547315497 55.757073603 1.0
209.711284374 55.769080625 1.0
209.86771039 55.707076025 1.0
210.153578852 55.725863679 1.0
210.228528002 55.619702685 1.0
210.375140776 55.520290206 1.0
210.631750102 55.609965682 1.0
210.687538853 55.592245507 1.0
210.801015453 55.539667158 1.0
210.859533809 55.487714577 1.0
210.880342908 55.399119878 1.0
211.299505671 55.351932353 1.0
211.334683375 55.29645514 1.0
211.729493943 55.213109514 1.0
211.789448115 55.275329017 1.0
211.914723763 55.233179519 1.0
212.003784171 55.258205957 1.0
212.091822839 55.26642089 1.0
212.177009705 55.240601837 1.0
212.206838075 55.074764824 1.0
212.447940059 55.221289538 1.0
212.488013703 55.187095486 1.0
212.516823047 55.111997523 1.0
212.568766226 55.095451197 1.0
212.645415674 55.020458505 1.0
212.692616734 55.013374651 1.0
212.848353831 55.008343027 1.0
212.952921396 54.913461752 1.0
213.098329766 55.074159779 1.0
213.282689979 54.971245919 1.0
213.253780902 55.039616865 1.0
213.155200905 54.882471033 1.0
213.24458374 55.033457706 1.0
213.415809764 54.902649889 1.0
213.479477204 54.763808785 1.0
213.78225469 54.80160778 1.0
213.67422823 54.722094609 1.0
213.703192924 54.717528445 1.0
213.914655068 54.863866509 1.0
214.000193414 54.649041847 1.0
214.162819561 54.711500173 1.0
214.147720484 54.633625245 1.0
214.484659436 54.600347471 1.0
214.66127028 54.581705383 1.0
215.003247125 54.53476005 1.0
215.003390477 54.523517227 1.0
215.002440684 54.478809574 1.0
214.997360075 54.357163735 1.0
215.162757312 54.514133121 1.0
215.145651449 54.324546823 1.0
215.380022431 54.260390483 1.0
215.504079412 54.356349209 1.0
215.975143985 54.293356799 1.0
216.271052398 54.166819445 1.0
216.342252731 54.007832535 1.0
216.67463379 53.961323673 1.0
216.707448714 54.103539645 1.0
216.695160501 53.999278005 1.0
216.829508653 53.854412042 1.0
217.237614112 53.872626762 1.0
217.542602773 53.724356101 1.0
217.759815084 53.685953708 1.0
217.836464366 53.703251088 1.0
217.915969385 53.520156392 1.0
218.082940167 53.613950694 1.0
218.035302429 53.498834317 1.0
218.16311013 53.586135151 1.0
218.055043856 53.485429945 1.0
218.187176072 53.462711651 1.0
218.281115742 53.479789577 1.0
218.418440298 53.454210609 1.0
218.552287696 53.40461898 1.0
218.745443374 53.347003444 1.0
218.976249396 53.391700887 1.0
219.127460897 53.230695016 1.0
219.162130753 53.197506517 1.0
219.292349001 53.306918652 1.0
219.662248673 53.14549838 1.0
219.752691979 53.058357957 1.0
219.825999845 53.059411849 1.0
219.948731202 53.022096054 1.0
220.00668428 52.925181166 1.0
220.245332229 52.842212715 1.0
220.72289213 52.60590606 1.0
220.707846075 52.706020958 1.0
208.112531066 56.570505713 1.0
208.425030581 56.53067222 1.0
208.462570289 56.497088881 1.0
208.668899077 56.433053548 1.0
209.068842614 56.251776785 1.0
209.451734914 56.228339641 1.0
209.532564734 56.314050069 1.0
210.282596249 56.07895743 1.0
210.391547086 55.989981084 1.0
210.434832454 56.009782992 1.0
210.492716287 55.937865709 1.0
210.622213702 56.004798169 1.0
210.636937719 56.010144327 1.0
210.69924507 55.926440438 1.0
210.79105384 56.049840048 1.0
211.265101181 55.917388841 1.0
211.260688644 55.746763656 1.0
211.424500762 55.776992476 1.0
211.488572423 55.830795774 1.0
211.571443946 55.88007364 1.0
212.080315901 55.625898877 1.0
212.238636285 55.712294031 1.0
212.446393102 55.599643708 1.0
212.658384816 55.562406743 1.0
212.915485067 55.441420962 1.0
213.012703767 55.332990572 1.0
213.432139951 55.29846742 1.0
213.585614337 55.375759362 1.0
213.783932496 55.18431989 1.0
213.694148689 55.254572472 1.0
213.909909138 55.231790209 1.0
213.964973388 55.298080937 1.0
213.972202581 55.164823148 1.0
214.332375559 55.219299699 1.0
214.497333393 55.022978933 1.0
214.428019406 55.108699666 1.0
214.491857832 55.147048468 1.0
214.414214022 55.040973078 1.0
214.555937965 55.159243768 1.0
214.565000548 55.12227447 1.0
214.911139882 54.986107066 1.0
215.423450239 54.828452498 1.0
215.984038557 54.753712458 1.0
216.312658947 54.552372408 1.0
216.249028186 54.518470436 1.0
216.661720175 54.556596925 1.0
216.744927971 54.344366885 1.0
216.854096807 54.455520372 1.0
216.905134924 54.498678235 1.0
216.864424302 54.399659964 1.0
216.896592942 54.430412106 1.0
216.923622183 54.347716817 1.0
216.942754357 54.350642362 1.0
217.166285355 54.323258134 1.0
217.824718381 54.113523153 1.0
218.047906213 54.093778842 1.0
218.085535593 54.087519404 1.0
218.416859752 53.962761597 1.0
218.499698512 53.846771462 1.0
218.757851231 53.926600007 1.0
218.66435827 53.809744914 1.0
218.897550393 53.909975212 1.0
219.069363245 53.807091376 1.0
219.32147621 53.721156873 1.0
219.410075023 53.600523196 1.0
219.499470175 53.518962941 1.0
219.528473195 53.545727957 1.0
220.158740433 53.504514544 1.0
219.997986177 53.454278141 1.0
220.160413316 53.47814954 1.0
220.434612848 53.326128135 1.0
220.665517653 53.265509349 1.0
208.337178073 54.051432329 1.0
208.392350717 53.901962798 1.0
208.474125704 53.997218625 1.0
208.665535715 54.029737936 1.0
208.567567042 54.043614334 1.0
208.843124888 53.994953306 1.0
208.886421974 53.892728887 1.0
208.923633812 53.917022885 1.0
209.576554567 53.782054428 1.0
209.644958603 53.845675662 1.0
211.219369104 53.392322691 1.0
211.321863939 53.319686253 1.0
211.390012255 53.232578066 1.0
211.536309824 53.233009249 1.0
211.567970023 53.206446387 1.0
211.634698042 53.263112828 1.0
211.725735133 53.26825994 1.0
211.885199761 53.144698365 1.0
212.176052824 53.11361256 1.0
212.349620523 53.187059089 1.0
212.999302631 53.036267031 1.0
213.049756842 53.017108496 1.0
213.191293664 52.94380468 1.0
213.300584516 52.769850924 1.0
213.544991662 52.76677477 1.0
213.873745555 52.779510334 1.0
213.877283523 52.628332912 1.0
214.749890791 52.458780656 1.0
215.328382807 52.190743184 1.0
215.685823745 52.117405641 1.0
215.896583075 52.155151341 1.0
215.963842627 52.080712504 1.0
216.089523434 52.124463695 1.0
216.002142131 52.149234814 1.0
216.197385864 52.088521084 1.0
216.258381512 52.044977478 1.0
216.619633443 51.950959473 1.0
216.68098259 51.782652443 1.0
217.112899764 51.692685047 1.0
217.188592855 51.771199149 1.0
217.373828774 51.741840188 1.0
217.458598358 51.692484068 1.0
217.480050079 51.611720665 1.0
217.68763773 51.465325197 1.0
217.895110256 51.418844711 1.0
218.049822137 51.526880216 1.0
218.188653368 51.535512822 1.0
218.246883543 51.376559821 1.0
218.474007347 51.289254906 1.0
218.619124742 51.247415296 1.0
218.829414937 51.294455625 1.0
218.837287114 51.19339943 1.0
218.903473235 51.256492985 1.0
219.165186432 51.150466406 1.0
219.136021895 51.047542879 1.0
219.427571943 51.099253943 1.0
219.479142913 51.063331301 1.0
219.441205817 50.950809674 1.0
219.555942218 50.944488273 1.0
219.698747471 51.02243194 1.0
219.720714761 50.979095562 1.0
219.878787425 50.881933046 1.0
220.013986602 50.906008316 1.0
220.075556339 50.769036708 1.0
220.20565261 50.835932108 1.0
220.211586164 50.751269337 1.0
220.306281724 50.69599658 1.0
220.500750266 50.616854353 1.0
220.713629949 50.520539604 1.0
220.821387334 50.495874292 1.0
220.855503184 50.493094593 1.0
208.148863864 54.521877832 1.0
208.191839582 54.545227484 1.0
208.230091247 54.516931596 1.0
208.367815023 54.465020734 1.0
208.634526512 54.475219678 1.0
208.621433949 54.330737691 1.0
208.933106903 54.357382813 1.0
209.041360648 54.409004925 1.0
208.988971687 54.268384773 1.0
209.262054382 54.305019123 1.0
209.544052161 54.246932038 1.0
209.64579111 54.1421237 1.0
209.758814063 54.155286181 1.0
210.388510591 53.951566928 1.0
210.777938649 54.003208931 1.0
210.738330491 53.936025555 1.0
210.904534975 53.807544693 1.0
211.102861632 53.823038417 1.0
211.330752865 53.865429785 1.0
211.242532091 53.732938744 1.0
211.244965523 53.735302267 1.0
211.565584949 53.660210958 1.0
211.895150041 53.579270323 1.0
211.970895418 53.614353467 1.0
211.973871933 53.613093347 1.0
211.986913068 53.576342294 1.0
211.994613391 53.532512051 1.0
212.337095264 53.492808396 1.0
212.461841183 53.423228568 1.0
212.566739279 53.440654731 1.0
212.61245792 53.390675812 1.0
212.50347593 53.423160083 1.0
212.691979578 53.483569449 1.0
212.915453296 53.520627226 1.0
212.956093135 53.40510162 1.0
213.046583042 53.464260287 1.0
213.044602703 53.270544246 1.0
213.145831886 53.310846305 1.0
213.222271331 53.323296458 1.0
213.293201749 53.203258835 1.0
214.062245632 53.146288612 1.0
214.055199816 53.005868246 1.0
214.223334021 53.154386666 1.0
214.542471513 52.985776408 1.0
214.338905964 52.964048137 1.0
214.517474063 52.98719184 1.0
214.487848198 52.922560501 1.0
214.672026449 52.871099594 1.0
215.482776366 52.813137226 1.0
215.601482662 52.617266904 1.0
215.5271713 52.644413403 1.0
216.068376963 52.53569705 1.0
216.063616148 52.507244841 1.0
216.24353945 52.493740908 1.0
216.315317949 52.358104676 1.0
216.739722596 52.331856943 1.0
216.806041022 52.399093822 1.0
216.836924414 52.330049165 1.0
216.876883174 52.295644703 1.0
216.98976662 52.348400614 1.0
217.039405341 52.216159092 1.0
217.158304943 52.124677351 1.0
217.661988187 52.021715006 1.0
217.884238757 51.937787132 1.0
218.06242081 52.019770409 1.0
217.990617415 51.915213044 1.0
217.961501218 51.867640826 1.0
218.16267881 51.792877258 1.0
218.615542467 51.817343357 1.0
218.586065867 51.739305468 1.0
218.992443894 51.692477977 1.0
219.128491451 51.660428811 1.0
219.38007051 51.610141285 1.0
219.370918915 51.582777884 1.0
219.419686396 51.590317674 1.0
219.439492268 51.405863078 1.0
219.567572375 51.521172796 1.0
219.7007512 51.402740473 1.0
220.277089079 51.173034477 1.0
220.52844862 51.220127839 1.0
220.555943678 51.025348915 1.0
220.579510513 51.025441179 1.0
220.707520383 51.049796044 1.0
220.791428355 51.117561122 1.0
220.887298477 50.972669516 1.0
220.966455443 50.937653772 1.0
208.152671987 54.984904429 1.0
208.363291134 54.981225015 1.0
208.694837462 54.740475766 1.0
208.782901029 54.831351392 1.0
209.050259454 54.71358183 1.0
209.420391334 54.679119397 1.0
209.40212963 54.622633083 1.0
209.53242577 54.755325913 1.0
209.547634601 54.732326801 1.0
209.647117613 54.742844842 1.0
209.738866586 54.529823851 1.0
209.762415464 54.554264141 1.0
209.885948291 54.636114433 1.0
209.986905292 54.538309666 1.0
210.054405592 54.482910749 1.0
210.077328221 54.480350163 1.0
210.202806031 54.556855255 1.0
210.420924629 54.393934158 1.0
210.717465573 54.418046392 1.0
210.720143818 54.409177434 1.0
211.025522769 54.262942211 1.0
210.913181634 54.251018861 1.0
211.174213835 54.394209159 1.0
211.158887872 54.339317625 1.0
211.174480955 54.256305134 1.0
211.22061776 54.233861941 1.0
211.319788383 54.203518751 1.0
211.462703549 54.249553359 1.0
211.675788821 54.235568367 1.0
211.853005796 54.183291532 1.0
211.870729264 54.200870171 1.0
211.899153847 54.044764067 1.0
212.066814619 53.987839723 1.0
212.177886121 53.998497995 1.0
212.48420788 54.08650801 1.0
212.800388418 53.785159493 1.0
212.880832416 53.79521462 1.0
212.99424872 53.840581898 1.0
213.111061798 53.709006214 1.0
213.582630328 53.637655727 1.0
213.741814657 53.588691995 1.0
213.828285661 53.638476865 1.0
213.85908878 53.676203086 1.0
213.979210936 53.58751541 1.0
214.450703019 53.517445122 1.0
214.527000093 53.541951004 1.0
214.608511017 53.331350525 1.0
214.935004181 53.444662433 1.0
214.99823481 53.337761998 1.0
215.097264085 53.312484521 1.0
215.673935067 53.106183079 1.0
215.734551733 53.13079672 1.0
216.379408541 52.809279534 1.0
216.461666402 52.873609911 1.0
216.419067696 52.820042856 1.0
216.453019192 52.846204174 1.0
216.645531996 52.825918673 1.0
216.712186115 52.882484622 1.0
216.780243337 52.833817175 1.0
216.815065969 52.782981292 1.0
217.324803644 52.66564305 1.0
217.90580679 52.467569842 1.0
218.293525986 52.226098901 1.0
218.549457166 52.235859826 1.0
218.664889442 52.301975874 1.0
219.122399577 51.946612712 1.0
219.954405579 51.736182363 1.0
220.02592084 51.806430361 1.0
219.945265109 51.668743178 1.0
220.050618485 51.737280928 1.0
220.173114517 51.712240759 1.0
220.267697784 51.678653619 1.0
220.406081262 51.738072894 1.0
220.366153332 51.659101456 1.0
220.530353369 51.664686829 1.0
220.645617902 51.459469971 1.0
208.434824855 55.288278959 1.0
208.528829792 55.412593114 1.0
208.678405096 55.32628362 1.0
208.745684545 55.227269249 1.0
209.079785951 55.167820992 1.0
209.198546892 55.206765806 1.0
209.162178268 55.097580221 1.0
209.355117935 55.069598004 1.0
209.482871518 55.156912105 1.0
209.732902249 55.165709288 1.0
209.697782252 55.079934644 1.0
209.808445633 55.149695854 1.0
209.829212844 55.132526604 1.0
209.836219849 55.026085339 1.0
209.877159308 54.926590401 1.0
210.10968436 54.933593725 1.0
210.145601868 54.879702012 1.0
210.264219023 54.928491641 1.0
210.49520226 54.921727828 1.0
210.54846144 54.933025992 1.0
210.592581998 54.87464248 1.0
210.875050833 54.878841682 1.0
210.945549585 54.895833016 1.0
210.922560528 54.781764754 1.0
211.65989266 54.559719324 1.0
211.842711337 54.506714798 1.0
212.004963734 54.557372412 1.0
212.049385883 54.58543453 1.0
212.184168464 54.577370556 1.0
212.174869764 54.528191039 1.0
212.252281087 54.572058631 1.0
212.311298653 54.582067321 1.0
212.338744741 54.492010591 1.0
212.292737678 54.413922771 1.0
212.395301627 54.442379334 1.0
212.467865359 54.447066522 1.0
212.569014577 54.36414088 1.0
212.721680348 54.477203298 1.0
212.902485282 54.228629332 1.0
213.260689796 54.219797776 1.0
213.282838207 54.23578811 1.0
213.409003006 54.264320072 1.0
213.641298023 54.042938357 1.0
213.933165358 54.043183904 1.0
213.928070061 53.964652421 1.0
214.446309568 54.019085211 1.0
214.814641642 53.799594885 1.0
215.187095827 53.653947558 1.0
215.18778851 53.637260604 1.0
215.484899634 53.634307076 1.0
215.642609853 53.585941145 1.0
215.877228956 53.473315108 1.0
216.472437157 53.327616619 1.0
216.622655441 53.311269836 1.0
216.695038134 53.300854539 1.0
216.694366299 53.205518916 1.0
217.032472667 53.200900324 1.0
217.307062449 53.222852144 1.0
217.642424475 53.079274409 1.0
217.63762429 52.955491804 1.0
217.734622885 52.970251185 1.0
217.758975463 52.985368975 1.0
218.333881127 52.771873633 1.0
218.370044084 52.816909466 1.0
218.825323473 52.679687966 1.0
218.870121938 52.51290515 1.0
219.006799491 52.532155472 1.0
219.133048974 52.644987411 1.0
219.408747023 52.452119584 1.0
219.498190766 52.527542427 1.0
219.64966647 52.415473922 1.0
220.133775908 52.307520313 1.0
220.519366379 52.153701978 1.0
220.581631178 52.1629962 1.0
220.71558526 52.056075382 1.0
220.761496498 52.027075684 1.0
220.808930255 51.936193921 1.0
220.779590272 52.077866458 1.0
220.804549177 52.065741388 1.0
208.22403708 55.806997409 1.0
208.022109912 55.83556642 1.0
208.250882318 55.863111009 1.0
208.248937857 55.795354346 1.0
208.338522037 55.843104772 1.0
208.432766619 55.736213662 1.0
208.556248718 55.866492392 1.0
208.593570435 55.701288804 1.0
208.98170356 55.687565664 1.0
209.056282424 55.703174375 1.0
209.144737707 55.667760366 1.0
209.18849806 55.706842512 1.0
209.539390942 55.540913827 1.0
209.701270705 55.589209696 1.0
209.9145304 55.443449421 1.0
210.133799723 55.431929532 1.0
210.40918809 55.308226819 1.0
210.289218091 55.370167599 1.0
210.738898431 55.318135364 1.0
210.58679308 55.309469517 1.0
210.710162157 55.411379961 1.0
210.797657459 55.348308765 1.0
211.372874455 55.09416686 1.0
211.362393957 55.255825775 1.0
211.502415794 55.225262394 1.0
211.934164962 55.118062447 1.0
211.87227115 54.979630504 1.0
212.256952642 54.911740863 1.0
212.704772522 54.72452564 1.0
212.851753701 54.902381818 1.0
212.767621918 54.773139263 1.0
212.781543237 54.775699404 1.0
212.849824653 54.836612834 1.0
212.861297596 54.769886463 1.0
212.97208024 54.798778809 1.0
213.021730381 54.843562793 1.0
213.010974426 54.650640794 1.0
213.595758367 54.706568872 1.0
213.609859183 54.505760399 1.0
214.002279761 54.488894006 1.0
214.136740247 54.408302644 1.0
214.431985976 54.423605525 1.0
214.48087564 54.329443964 1.0
214.67012577 54.387067397 1.0
214.632214365 54.297746875 1.0
214.878936184 54.281815717 1.0
214.847081203 54.208426286 1.0
214.912057293 54.152762139 1.0
215.096091037 54.158083314 1.0
215.391324361 54.203033315 1.0
215.3810611 54.05759121 1.0
215.56248727 54.010749908 1.0
215.48190242 54.075056758 1.0
215.632173084 53.952374851 1.0
215.608195296 54.105030279 1.0
215.660097201 53.945092181 1.0
215.778524266 53.948319961 1.0
215.836549278 53.938162637 1.0
215.937013546 53.990259432 1.0
215.88363658 53.91039287 1.0
215.920066907 53.915791004 1.0
216.023590207 53.8764064 1.0
216.111285258 53.920841817 1.0
216.245520769 53.955205479 1.0
216.235863506 53.901790874 1.0
216.543183699 53.697479137 1.0
216.648723764 53.823446329 1.0
216.675303559 53.715830789 1.0
216.86222458 53.792938725 1.0
216.669208895 53.74157588 1.0
216.815870443 53.816277687 1.0
217.074896752 53.568901047 1.0
217.179655495 53.573745666 1.0
217.381565357 53.444567704 1.0
218.12452746 53.396667687 1.0
218.68966148 53.271693757 1.0
219.055981573 52.941572584 1.0
219.343229092 52.835597045 1.0
219.737531645 52.896400572 1.0
219.897040647 52.866652915 1.0
219.901427855 52.850896423 1.0
219.8170055 52.674332868 1.0
219.928546124 52.663586213 1.0
220.213438274 52.710002773 1.0
220.266804095 52.627596267 1.0
220.440571802 52.479735604 1.0
220.631450882 52.586328334 1.0
208.419040065 56.134564128 1.0
208.491916465 56.13857248 1.0
208.66683438 56.294727654 1.0
208.819000145 56.212484957 1.0
209.219974707 56.0622671 1.0
209.384352529 55.961763079 1.0
209.888232001 56.041362426 1.0
209.957410846 55.894816706 1.0
209.980851943 55.900127329 1.0
210.205043517 55.972470304 1.0
210.151453659 55.871102651 1.0
210.353415418 55.911945476 1.0
210.304752334 55.792946935 1.0
210.47144731 55.808002457 1.0
210.644104003 55.676699546 1.0
210.701477789 55.749220497 1.0
210.927874639 55.774802662 1.0
210.945278762 55.670918117 1.0
211.093106795 55.607278312 1.0
211.220763763 55.677945489 1.0
211.279035975 55.700866038 1.0
211.2164017 55.591790301 1.0
211.315609969 55.664099046 1.0
211.374155153 55.622436467 1.0
211.756824085 55.519689274 1.0
211.856661432 55.545363616 1.0
212.029170388 55.472429078 1.0
212.073531577 55.337142286 1.0
212.103336509 55.33662599 1.0
212.160300664 55.341349533 1.0
212.391537601 55.317218996 1.0
212.402075709 55.307557185 1.0
212.699001364 55.407412766 1.0
212.773497324 55.386845064 1.0
212.809607929 55.310535627 1.0
212.797723804 55.368912732 1.0
212.933660415 55.159931207 1.0
213.023508844 55.174195636 1.0
213.093740051 55.197793081 1.0
213.480310535 55.208976587 1.0
213.223295467 55.173853229 1.0
213.638549932 55.161892838 1.0
213.535410996 55.010519404 1.0
213.576266259 55.051052855 1.0
213.660469695 55.00808808 1.0
214.406479232 54.956245437 1.0
214.565356503 54.738241282 1.0
214.872160265 54.74166214 1.0
214.901788561 54.713579757 1.0
214.913490224 54.663246356 1.0
215.092395073 54.699922388 1.0
215.168512762 54.670441837 1.0
215.609504678 54.439479506 1.0
215.946167369 54.551303437 1.0
215.834170458 54.388081084 1.0
216.115190701 54.396547316 1.0
216.140880756 54.419211523 1.0
216.236858247 54.397575899 1.0
216.36854216 54.233229651 1.0
216.697291029 54.229280894 1.0
216.514701942 54.167602964 1.0
216.625185062 54.294291183 1.0
216.833300124 54.288969502 1.0
216.851442038 54.292696211 1.0
216.700465823 54.136094038 1.0
216.754516566 54.199097823 1.0
217.406935828 54.012434008 1.0
217.504507079 54.02566518 1.0
217.552361899 53.925952612 1.0
217.830027121 53.919414454 1.0
218.431900502 53.745043469 1.0
218.473392836 53.588814142 1.0
218.573842903 53.575717807 1.0
218.853962342 53.64813352 1.0
219.023188372 53.617895072 1.0
219.132736477 53.481184561 1.0
219.372253735 53.510318565 1.0
219.546073163 53.462646839 1.0
219.470010759 53.323175916 1.0
219.76172176 53.189258096 1.0
220.043715237 53.100278241 1.0
220.135518873 53.050427413 1.0
220.443983938 53.116614414 1.0
220.769017645 52.917205678 1.0
208.181745493 50.214238253 1.0
208.371201155 50.215642807 1.0
208.41674613 50.171964508 1.0
208.499982026 50.167743867 1.0
208.906743414 50.10675031 1.0
209.098736443 50.01705418 1.0
209.417882304 50.004537396 1.0
208.00329746 50.709922625 1.0
208.076809906 50.622919635 1.0
208.165461852 50.684690761 1.0
208.249186952 50.635343459 1.0
208.574903013 50.617582299 1.0
208.806908259 50.54850803 1.0
208.899210805 50.639327482 1.0
209.040400807 50.58157434 1.0
209.701141219 50.464088929 1.0
210.059813577 50.390330865 1.0
210.136728447 50.270656195 1.0
210.379653518 50.280940385 1.0
210.401495539 50.18201339 1.0
210.877254887 50.030822804 1.0
210.883104184 50.012874185 1.0
208.070709565 51.171658727 1.0
208.512542822 51.14910793 1.0
208.598667253 50.973504068 1.0
208.700572811 51.054206428 1.0
208.933127638 51.003077413 1.0
208.878902002 50.889762416 1.0
209.414291088 50.911650425 1.0
209.804509794 50.889128376 1.0
209.887902804 50.702404915 1.0
210.049659052 50.804595254 1.0
210.235429646 50.728048873 1.0
210.669100067 50.51636054 1.0
210.83903453 50.589924967 1.0
210.954564692 50.462687452 1.0
211.185379572 50.528469336 1.0
211.340496703 50.329166797 1.0
211.642123292 50.327540953 1.0
211.786829004 50.414812499 1.0
211.772818724 50.281080944 1.0
212.380945912 50.138182538 1.0
212.565268084 50.168686233 1.0
212.94824838 50.038078419 1.0
208.638775494 50.031797117 1.0
208.086763369 50.474441937 1.0
208.11118219 50.440824103 1.0
208.398105097 50.407401636 1.0
208.439966084 50.330360378 1.0
208.536534972 50.355187668 1.0
208.575061266 50.308069421 1.0
208.883558136 50.347929552 1.0
208.835985528 50.22825192 1.0
209.071052486 50.385184135 1.0
209.138930203 50.178839226 1.0
209.247359213 50.276838901 1.0
210.213348634 50.11832481 1.0
210.308305844 50.080698448 1.0
208.084102449 51.023749895 1.0
208.140953151 50.821016524 1.0
208.285054674 50.880149149 1.0
208.281497305 50.812246401 1.0
208.648941183 50.730405488 1.0
208.904406301 50.766802935 1.0
208.961621451 50.777678686 1.0
208.941876036 50.685267531 1.0
210.101676255 50.425268018 1.0
210.278792103 50.360310479 1.0
210.6852971 50.413227111 1.0
211.05783398 50.367379701 1.0
210.994827248 50.235201421 1.0
211.477608503 50.082996247 1.0
211.659815766 50.046579408 1.0
211.82731945 50.098504504 1.0
212.026996216 50.120716519 1.0
212.088761599 50.081347036 1.0
212.064512305 50.011941107 1.0
212.321301908 50.048166563 1.0
208.365866983 51.223659727 1.0
208.499331703 51.390439004 1.0
208.549275954 51.345892322 1.0
208.903814746 51.242488462 1.0
208.812070974 51.156264247 1.0
209.393174555 51.056103456 1.0
209.574612577 51.093203572 1.0
209.786936746 51.077179013 1.0
209.758447186 50.933551414 1.0
209.832875895 50.915228348 1.0
209.911922612 50.990459544 1.0
210.466303935 50.761362425 1.0
210.592225881 50.829066366 1.0
210.663738016 50.831241035 1.0
210.882275549 50.869468304 1.0
211.093896023 50.801596548 1.0
211.274931322 50.624457981 1.0
211.789752892 50.529350399 1.0
211.878005001 50.504615213 1.0
212.036914471 50.401783991 1.0
212.380802625 50.40240988 1.0
212.459777786 50.399744601 1.0
213.010211186 50.137160668 1.0
213.532749433 50.136145693 1.0
213.409228341 50.11112875 1.0
213.427746244 50.02977866 1.0
213.579538515 50.067293966 1.0
